$TYPE vec
$XDIM 1364
$YDIM 1
$VEC_DIM 10
0.0083536 -1.5704 -0.79207 0 0 0 0 0 0 0 1
-1.207 -0.9051 -0.38608 0 0 0 0 0 0 0 2
-0.426 -1.7045 -0.21486 0 0 0 0 0 0 0 3
-1.8532 -1.6909 -1.9968 0 0 0 0 0 0 0 4
-1.0415 -1.3496 -0.49517 0 0 0 0 0 0 0 5
-0.97522 -0.6796 -0.53107 0 0 0 0 0 0 0 6
-0.71709 -1.4035 -1.4165 0 0 0 0 0 0 0 7
-0.91587 -0.18016 -0.61037 0 0 0 0 0 0 0 8
-0.47741 -1.8439 -0.78845 0 0 0 0 0 0 0 9
-0.32733 -0.46043 -0.76239 0 0 0 0 0 0 0 10
-0.3302 -0.64601 -1.6422 0 0 0 0 0 0 0 11
-0.87431 -0.28208 -1.3873 0 0 0 0 0 0 0 12
-0.88514 -0.56121 -0.17375 0 0 0 0 0 0 0 13
-0.70476 -0.0020828 -1.2536 0 0 0 0 0 0 0 14
-0.34699 -1.3252 -1.0419 0 0 0 0 0 0 0 15
-1.9859 -1.1336 -0.49369 0 0 0 0 0 0 0 16
-1.0305 -1.1336 -0.81609 0 0 0 0 0 0 0 17
-0.92031 0.29008 -0.62539 0 0 0 0 0 0 0 18
-0.53287 -1.4382 -1.0933 0 0 0 0 0 0 0 19
0.050829 -2.5611 -1.1854 0 0 0 0 0 0 0 20
-1.9199 -0.80255 -1.5659 0 0 0 0 0 0 0 21
-1.1332 -0.20057 -1.1213 0 0 0 0 0 0 0 22
0.015469 -2.0237 -1.5759 0 0 0 0 0 0 0 23
-1.0136 -1.1785 -1.0475 0 0 0 0 0 0 0 24
-0.9585 -1.7682 -1.4733 0 0 0 0 0 0 0 25
-0.69938 -0.73751 -0.40462 0 0 0 0 0 0 0 26
-1.3089 -0.45084 -2.288 0 0 0 0 0 0 0 27
-1.1807 -1.7558 -1.4838 0 0 0 0 0 0 0 28
-0.30381 -1.1618 -1.9102 0 0 0 0 0 0 0 29
-1.9894 -0.9109 -1.5626 0 0 0 0 0 0 0 30
-1.0215 -0.73838 -0.34682 0 0 0 0 0 0 0 31
-1.4255 -0.48488 -1.1948 0 0 0 0 0 0 0 32
-1.6086 0.13366 -0.35786 0 0 0 0 0 0 0 33
-1.6455 -1.6302 -0.48584 0 0 0 0 0 0 0 34
-1.1571 -1.5793 -1.1322 0 0 0 0 0 0 0 35
-0.68376 -1.3932 -0.46466 0 0 0 0 0 0 0 36
-0.94518 -0.34754 -1.8846 0 0 0 0 0 0 0 37
-1.6639 -0.94103 -0.54249 0 0 0 0 0 0 0 38
-0.46437 -0.80418 -0.70058 0 0 0 0 0 0 0 39
-0.4944 -0.97562 -1.4735 0 0 0 0 0 0 0 40
0.28506 -0.85447 -0.83079 0 0 0 0 0 0 0 41
-1.1873 0.32733 -0.61108 0 0 0 0 0 0 0 42
-0.77101 -1.1948 -0.26205 0 0 0 0 0 0 0 43
-1.0858 -1.2516 0.23535 0 0 0 0 0 0 0 44
-1.5522 -1.7281 -0.49436 0 0 0 0 0 0 0 45
-1.2365 0.029882 -1.5904 0 0 0 0 0 0 0 46
-1.2834 -0.43072 -1.5834 0 0 0 0 0 0 0 47
-0.30064 -2.0262 -1.7481 0 0 0 0 0 0 0 48
-0.91557 -0.86999 -0.40129 0 0 0 0 0 0 0 49
-1.9542 -0.51529 -1.1033 0 0 0 0 0 0 0 50
-0.78234 -1.2417 -0.77865 0 0 0 0 0 0 0 51
-0.35815 -0.60776 -1.1524 0 0 0 0 0 0 0 52
-1.639 -0.077334 -0.35109 0 0 0 0 0 0 0 53
-1.5559 -0.59073 -1.2551 0 0 0 0 0 0 0 54
-0.044523 0.10231 -1.2729 0 0 0 0 0 0 0 55
-0.75727 -1.1242 -0.92425 0 0 0 0 0 0 0 56
-0.15165 -0.16132 -0.49787 0 0 0 0 0 0 0 57
-0.16282 -1.6444 -0.67581 0 0 0 0 0 0 0 58
-0.7687 -1.3713 -1.3893 0 0 0 0 0 0 0 59
-0.25331 -0.80943 -0.18412 0 0 0 0 0 0 0 60
-0.73814 -1.2797 -0.73857 0 0 0 0 0 0 0 61
0.57507 -0.83263 -0.46727 0 0 0 0 0 0 0 62
-1.4473 -0.015381 -0.80554 0 0 0 0 0 0 0 63
-1.7897 -0.40238 -0.58708 0 0 0 0 0 0 0 64
-0.89548 -1.1917 -0.99518 0 0 0 0 0 0 0 65
-0.55249 -1.6897 -1.5774 0 0 0 0 0 0 0 66
-0.97109 -0.93666 -0.38605 0 0 0 0 0 0 0 67
-0.3418 -1.625 -0.95808 0 0 0 0 0 0 0 68
-0.71333 -0.33936 -0.50874 0 0 0 0 0 0 0 69
-0.73913 -0.9087 -0.30949 0 0 0 0 0 0 0 70
-1.1551 -1.8425 -0.78432 0 0 0 0 0 0 0 71
-0.16994 -1.3808 -0.93922 0 0 0 0 0 0 0 72
-1.8043 -1.1921 -1.0438 0 0 0 0 0 0 0 73
-1.2285 0.15663 -0.62122 0 0 0 0 0 0 0 74
-1.2999 -1.3329 -1.0933 0 0 0 0 0 0 0 75
-0.54584 -0.58356 -1.1644 0 0 0 0 0 0 0 76
-0.27468 -0.40361 -1.3542 0 0 0 0 0 0 0 77
-0.4712 -0.79851 -0.42006 0 0 0 0 0 0 0 78
-1.6815 -0.52579 -0.63261 0 0 0 0 0 0 0 79
-0.52029 -0.70958 -1.3131 0 0 0 0 0 0 0 80
-0.85363 -1.3494 -0.52841 0 0 0 0 0 0 0 81
-0.51496 -0.11439 -1.6693 0 0 0 0 0 0 0 82
-1.0259 -0.88505 -1.3742 0 0 0 0 0 0 0 83
-0.45263 -0.74464 -0.62393 0 0 0 0 0 0 0 84
-2.2982 -1.1201 0.2355 0 0 0 0 0 0 0 85
-1.4767 -1.1615 -1.6341 0 0 0 0 0 0 0 86
-1.4701 0.17458 -0.30126 0 0 0 0 0 0 0 87
-1.183 -2.0127 -0.78901 0 0 0 0 0 0 0 88
-0.50073 -0.76725 -1.8315 0 0 0 0 0 0 0 89
-0.34702 -0.84516 -0.56801 0 0 0 0 0 0 0 90
-0.57502 -0.69723 0.18821 0 0 0 0 0 0 0 91
-0.31684 -0.44569 -0.70315 0 0 0 0 0 0 0 92
-1.7739 -0.69713 -1.2946 0 0 0 0 0 0 0 93
-1.4129 -1.0196 -0.69864 0 0 0 0 0 0 0 94
-0.5313 0.37903 -0.45914 0 0 0 0 0 0 0 95
-0.49041 -1.3347 -0.56877 0 0 0 0 0 0 0 96
-1.2459 -0.69169 -1.0243 0 0 0 0 0 0 0 97
-0.57929 -0.85012 -1.5261 0 0 0 0 0 0 0 98
-1.5335 -0.73535 -1.2754 0 0 0 0 0 0 0 99
-1.2998 -0.85929 -1.9407 0 0 0 0 0 0 0 100
-0.98612 -0.23123 -0.69224 0 0 0 0 0 0 0 101
-1.6683 -0.4703 -1.5767 0 0 0 0 0 0 0 102
-1.0041 -0.96657 -2.067 0 0 0 0 0 0 0 103
-0.48764 -1.3932 0.44928 0 0 0 0 0 0 0 104
-0.22512 -0.049671 -0.10242 0 0 0 0 0 0 0 105
-0.7111 -0.047303 -0.49568 0 0 0 0 0 0 0 106
-0.50814 -0.79181 -0.4341 0 0 0 0 0 0 0 107
-1.7116 -0.42863 -0.42281 0 0 0 0 0 0 0 108
-1.7419 -0.21305 -1.0902 0 0 0 0 0 0 0 109
0.018554 -0.41822 -1.233 0 0 0 0 0 0 0 110
-0.69352 -0.15035 -0.40673 0 0 0 0 0 0 0 111
-0.84393 -1.5939 -0.94571 0 0 0 0 0 0 0 112
-1.5017 -0.6508 -1.2748 0 0 0 0 0 0 0 113
-0.47271 -0.38364 -0.88872 0 0 0 0 0 0 0 114
-1.0706 0.10776 -0.65445 0 0 0 0 0 0 0 115
-0.49853 -0.85424 -0.27879 0 0 0 0 0 0 0 116
-0.75251 -1.4293 -2.6084 0 0 0 0 0 0 0 117
-1.2646 -0.696 -1.523 0 0 0 0 0 0 0 118
-1.7498 -1.7368 -0.87742 0 0 0 0 0 0 0 119
-1.6788 -0.64644 -1.2538 0 0 0 0 0 0 0 120
-1.1742 -0.063244 -0.34226 0 0 0 0 0 0 0 121
-0.97004 -0.94153 -0.25896 0 0 0 0 0 0 0 122
-0.91991 -0.83901 -1.4509 0 0 0 0 0 0 0 123
-1.0779 -0.73348 0.019245 0 0 0 0 0 0 0 124
-1.6679 -0.55918 -1.2061 0 0 0 0 0 0 0 125
-0.73435 -0.11895 -1.4434 0 0 0 0 0 0 0 126
-0.22266 -1.2547 -2.1121 0 0 0 0 0 0 0 127
-1.4785 -0.30735 -1.5899 0 0 0 0 0 0 0 128
-1.1166 -1.0411 -0.49973 0 0 0 0 0 0 0 129
-0.87409 -1.6412 0.024859 0 0 0 0 0 0 0 130
-0.68442 -0.84327 -1.1586 0 0 0 0 0 0 0 131
-0.55122 -1.265 0.23189 0 0 0 0 0 0 0 132
-0.84617 0.53795 -0.3425 0 0 0 0 0 0 0 133
-0.3708 -0.97305 -1.4607 0 0 0 0 0 0 0 134
-0.71126 -0.41236 -0.43381 0 0 0 0 0 0 0 135
-0.19543 -1.0048 -0.43146 0 0 0 0 0 0 0 136
-1.8471 -0.92793 -1.2035 0 0 0 0 0 0 0 137
-1.3658 -0.71632 -2.299 0 0 0 0 0 0 0 138
-0.056314 -0.89429 -0.68235 0 0 0 0 0 0 0 139
-0.13703 -0.7714 -0.97544 0 0 0 0 0 0 0 140
-0.78614 -0.90607 -0.56767 0 0 0 0 0 0 0 141
-0.51876 -0.8695 -2.1162 0 0 0 0 0 0 0 142
-0.92607 -0.17864 -1.4383 0 0 0 0 0 0 0 143
-1.0534 -0.5307 -0.6183 0 0 0 0 0 0 0 144
-0.96621 -1.3676 -1.1573 0 0 0 0 0 0 0 145
-0.70675 -0.51398 -0.81001 0 0 0 0 0 0 0 146
-1.2824 -0.79805 -0.59846 0 0 0 0 0 0 0 147
0.45516 -0.43481 -1.0505 0 0 0 0 0 0 0 148
-0.71413 -0.17239 -0.21903 0 0 0 0 0 0 0 149
-1.1424 -1.129 -1.2821 0 0 0 0 0 0 0 150
-0.99274 -1.3788 -1.2712 0 0 0 0 0 0 0 151
0.0072768 -1.4581 0.3443 0 0 0 0 0 0 0 152
-0.81842 0.018356 -0.86523 0 0 0 0 0 0 0 153
-0.90676 -0.79944 -0.65536 0 0 0 0 0 0 0 154
-0.59332 -0.83625 -0.41459 0 0 0 0 0 0 0 155
-0.62016 -1.5659 -0.63389 0 0 0 0 0 0 0 156
-0.7527 -1.794 -0.20292 0 0 0 0 0 0 0 157
-0.33656 -1.5207 -1.377 0 0 0 0 0 0 0 158
-0.11741 -1.0627 -1.4039 0 0 0 0 0 0 0 159
-0.30953 -0.9637 -0.61055 0 0 0 0 0 0 0 160
-1.2128 -2.1289 -0.37807 0 0 0 0 0 0 0 161
-0.34211 -0.020105 -0.56506 0 0 0 0 0 0 0 162
-0.36681 -1.1272 -0.86141 0 0 0 0 0 0 0 163
-0.51046 -1.1833 -1.1937 0 0 0 0 0 0 0 164
-0.82219 -0.81608 -0.44327 0 0 0 0 0 0 0 165
-1.615 -0.60114 -0.58617 0 0 0 0 0 0 0 166
-1.601 -1.0716 -1.3446 0 0 0 0 0 0 0 167
-0.55279 -0.66693 -0.98741 0 0 0 0 0 0 0 168
-0.75408 -1.0649 -0.73044 0 0 0 0 0 0 0 169
-0.86403 -1.6144 -1.776 0 0 0 0 0 0 0 170
0.98709 1.365 0.9521 0 0 0 0 0 0 0 171
0.85958 1.3498 0.66813 0 0 0 0 0 0 0 172
0.92486 1.5672 0.97721 0 0 0 0 0 0 0 173
0.39707 1.3011 0.70206 0 0 0 0 0 0 0 174
0.69821 1.3515 0.63293 0 0 0 0 0 0 0 175
0.55471 1.4662 0.78276 0 0 0 0 0 0 0 176
0.71779 1.6068 1.1026 0 0 0 0 0 0 0 177
0.6022 1.3186 0.80614 0 0 0 0 0 0 0 178
0.66713 1.0794 1.0738 0 0 0 0 0 0 0 179
0.77311 1.4165 1.0783 0 0 0 0 0 0 0 180
0.46726 1.2952 1.0222 0 0 0 0 0 0 0 181
0.76371 1.4319 0.89808 0 0 0 0 0 0 0 182
0.38456 1.4984 0.55431 0 0 0 0 0 0 0 183
0.69554 1.3944 0.92481 0 0 0 0 0 0 0 184
0.61913 1.4194 0.859 0 0 0 0 0 0 0 185
0.78667 1.2711 1.4016 0 0 0 0 0 0 0 186
0.71147 1.2811 0.60435 0 0 0 0 0 0 0 187
0.40957 1.2828 0.99964 0 0 0 0 0 0 0 188
0.64093 1.2983 0.99843 0 0 0 0 0 0 0 189
0.52753 1.3468 0.83014 0 0 0 0 0 0 0 190
0.80017 1.2218 1.0459 0 0 0 0 0 0 0 191
0.48316 1.2799 0.72047 0 0 0 0 0 0 0 192
0.33512 1.4289 1.033 0 0 0 0 0 0 0 193
0.63209 1.549 1.004 0 0 0 0 0 0 0 194
0.48317 1.317 1.0613 0 0 0 0 0 0 0 195
0.59662 1.5705 0.6366 0 0 0 0 0 0 0 196
0.75769 0.86571 0.91827 0 0 0 0 0 0 0 197
0.63563 1.2712 1.097 0 0 0 0 0 0 0 198
0.76279 1.4957 0.61966 0 0 0 0 0 0 0 199
0.83776 1.077 0.94936 0 0 0 0 0 0 0 200
0.48387 1.1712 0.68982 0 0 0 0 0 0 0 201
0.52542 1.4787 0.99677 0 0 0 0 0 0 0 202
0.54173 1.4486 1.1332 0 0 0 0 0 0 0 203
0.44335 1.5332 0.68822 0 0 0 0 0 0 0 204
0.47037 1.3706 1.103 0 0 0 0 0 0 0 205
0.72628 1.1732 0.82891 0 0 0 0 0 0 0 206
0.56074 1.3761 0.64321 0 0 0 0 0 0 0 207
0.59018 1.6674 0.9823 0 0 0 0 0 0 0 208
0.74649 1.6604 0.84915 0 0 0 0 0 0 0 209
0.70338 1.3066 1.119 0 0 0 0 0 0 0 210
0.25232 1.5828 0.90358 0 0 0 0 0 0 0 211
0.50945 1.2401 0.85585 0 0 0 0 0 0 0 212
0.68892 1.0966 1.0922 0 0 0 0 0 0 0 213
0.4059 1.2889 0.65151 0 0 0 0 0 0 0 214
0.56862 1.5253 1.0423 0 0 0 0 0 0 0 215
0.34636 1.2497 0.76827 0 0 0 0 0 0 0 216
0.60689 1.7271 0.8297 0 0 0 0 0 0 0 217
0.46345 1.2399 1.1443 0 0 0 0 0 0 0 218
0.91952 1.2901 1.0216 0 0 0 0 0 0 0 219
0.4077 1.3544 1.0043 0 0 0 0 0 0 0 220
0.47298 1.2174 0.71627 0 0 0 0 0 0 0 221
0.51946 1.3243 0.96487 0 0 0 0 0 0 0 222
0.29621 1.4469 1.1183 0 0 0 0 0 0 0 223
0.39448 1.1975 1.0869 0 0 0 0 0 0 0 224
0.64923 0.99213 0.93852 0 0 0 0 0 0 0 225
0.44945 1.5751 1.1555 0 0 0 0 0 0 0 226
0.52044 1.313 0.72614 0 0 0 0 0 0 0 227
0.62659 0.47896 1.0786 0 0 0 0 0 0 0 228
0.82471 0.32129 0.74382 0 0 0 0 0 0 0 229
0.62061 0.51491 0.67968 0 0 0 0 0 0 0 230
0.93033 0.34914 1.0034 0 0 0 0 0 0 0 231
0.65491 0.36251 1.0885 0 0 0 0 0 0 0 232
0.82897 0.516 0.69867 0 0 0 0 0 0 0 233
0.71835 0.55572 0.59857 0 0 0 0 0 0 0 234
0.34222 0.54573 0.80096 0 0 0 0 0 0 0 235
0.60039 0.46119 0.77632 0 0 0 0 0 0 0 236
0.46495 0.18319 0.71945 0 0 0 0 0 0 0 237
0.6014 0.23236 0.77042 0 0 0 0 0 0 0 238
0.76749 0.21881 0.89049 0 0 0 0 0 0 0 239
0.65647 0.5957 0.9065 0 0 0 0 0 0 0 240
0.70944 0.22835 0.81598 0 0 0 0 0 0 0 241
0.77745 0.26014 0.6484 0 0 0 0 0 0 0 242
0.47742 0.61089 0.8094 0 0 0 0 0 0 0 243
0.91136 0.51868 1.3509 0 0 0 0 0 0 0 244
0.33478 0.31104 0.79729 0 0 0 0 0 0 0 245
0.38728 0.28268 0.98501 0 0 0 0 0 0 0 246
0.52803 0.61367 1.0795 0 0 0 0 0 0 0 247
0.56163 0.22495 0.76415 0 0 0 0 0 0 0 248
0.68826 0.30615 0.94342 0 0 0 0 0 0 0 249
0.39523 0.61047 1.0827 0 0 0 0 0 0 0 250
0.5723 0.23141 0.6872 0 0 0 0 0 0 0 251
0.69418 0.24507 0.87655 0 0 0 0 0 0 0 252
0.44134 0.14197 1.1179 0 0 0 0 0 0 0 253
0.58178 0.64742 0.7744 0 0 0 0 0 0 0 254
0.74815 0.33627 1.0719 0 0 0 0 0 0 0 255
0.62235 0.40004 1.01 0 0 0 0 0 0 0 256
0.61026 0.3675 0.63254 0 0 0 0 0 0 0 257
0.54575 0.41854 0.95104 0 0 0 0 0 0 0 258
0.44043 0.35856 1.1835 0 0 0 0 0 0 0 259
0.84753 0.50321 0.51108 0 0 0 0 0 0 0 260
0.47605 0.2142 1.2932 0 0 0 0 0 0 0 261
0.84233 -0.016667 1.1991 0 0 0 0 0 0 0 262
0.43541 0.5676 0.71611 0 0 0 0 0 0 0 263
0.42982 0.52132 0.74382 0 0 0 0 0 0 0 264
0.71013 0.43216 0.87376 0 0 0 0 0 0 0 265
0.7642 0.048482 0.70301 0 0 0 0 0 0 0 266
0.43936 0.23027 1.0222 0 0 0 0 0 0 0 267
0.34566 0.46519 0.79346 0 0 0 0 0 0 0 268
0.13584 0.57662 1.0737 0 0 0 0 0 0 0 269
0.62343 -0.065985 0.7601 0 0 0 0 0 0 0 270
0.56711 0.27757 0.89661 0 0 0 0 0 0 0 271
0.62922 0.23545 0.73301 0 0 0 0 0 0 0 272
0.66795 0.23838 0.88273 0 0 0 0 0 0 0 273
0.4533 -0.038565 0.91366 0 0 0 0 0 0 0 274
0.54832 0.50243 0.97941 0 0 0 0 0 0 0 275
0.48532 0.29506 0.65584 0 0 0 0 0 0 0 276
0.45398 0.20325 0.7807 0 0 0 0 0 0 0 277
0.6736 0.28817 0.77144 0 0 0 0 0 0 0 278
0.73315 0.22771 0.85823 0 0 0 0 0 0 0 279
0.77781 0.72558 1.1186 0 0 0 0 0 0 0 280
0.52334 0.23679 0.94022 0 0 0 0 0 0 0 281
0.38496 0.69479 1.1364 0 0 0 0 0 0 0 282
0.64137 0.69055 0.80622 0 0 0 0 0 0 0 283
0.18815 0.31368 0.87666 0 0 0 0 0 0 0 284
1.32 0.74373 0.32519 0 0 0 0 0 0 0 285
1.6922 0.51885 0.92491 0 0 0 0 0 0 0 286
1.455 0.70959 0.50896 0 0 0 0 0 0 0 287
1.5021 1.0108 1.011 0 0 0 0 0 0 0 288
1.377 1.0257 1.2463 0 0 0 0 0 0 0 289
1.5013 0.69178 1.1282 0 0 0 0 0 0 0 290
0.84688 0.90267 0.90769 0 0 0 0 0 0 0 291
1.5718 0.55939 0.98165 0 0 0 0 0 0 0 292
1.5317 0.91632 0.76806 0 0 0 0 0 0 0 293
1.5311 1.2913 0.76407 0 0 0 0 0 0 0 294
1.3664 0.9534 0.9619 0 0 0 0 0 0 0 295
1.6506 0.91889 0.72462 0 0 0 0 0 0 0 296
1.0952 0.96438 0.96112 0 0 0 0 0 0 0 297
1.6842 0.88306 0.9699 0 0 0 0 0 0 0 298
1.4132 0.82171 1.1499 0 0 0 0 0 0 0 299
1.5052 0.84181 1.0056 0 0 0 0 0 0 0 300
1.7914 0.83805 0.91667 0 0 0 0 0 0 0 301
1.3206 0.81106 1.0219 0 0 0 0 0 0 0 302
1.4523 0.82496 1.2028 0 0 0 0 0 0 0 303
1.5196 0.66381 0.69922 0 0 0 0 0 0 0 304
1.2884 0.82575 0.91548 0 0 0 0 0 0 0 305
1.1341 0.87998 0.7366 0 0 0 0 0 0 0 306
1.6823 0.6413 0.80057 0 0 0 0 0 0 0 307
1.3816 0.88141 1.0382 0 0 0 0 0 0 0 308
1.2292 0.65185 1.1272 0 0 0 0 0 0 0 309
1.5641 0.90714 1.1221 0 0 0 0 0 0 0 310
1.4103 0.60994 1.1369 0 0 0 0 0 0 0 311
1.3172 0.97039 0.7432 0 0 0 0 0 0 0 312
1.596 0.76058 1.143 0 0 0 0 0 0 0 313
1.2778 1.024 0.45462 0 0 0 0 0 0 0 314
1.3663 0.75597 1.2314 0 0 0 0 0 0 0 315
1.1028 1.224 0.98094 0 0 0 0 0 0 0 316
1.5686 1.17 0.97766 0 0 0 0 0 0 0 317
1.0536 1.0795 0.8651 0 0 0 0 0 0 0 318
1.7195 0.72261 0.83523 0 0 0 0 0 0 0 319
1.393 0.77993 0.72136 0 0 0 0 0 0 0 320
1.2505 0.76316 0.85856 0 0 0 0 0 0 0 321
1.072 0.81941 0.94492 0 0 0 0 0 0 0 322
1.1943 1.088 0.84332 0 0 0 0 0 0 0 323
1.3337 0.75065 0.94311 0 0 0 0 0 0 0 324
1.2479 0.74205 0.94853 0 0 0 0 0 0 0 325
1.3891 1.1604 0.7361 0 0 0 0 0 0 0 326
1.532 0.78019 0.91441 0 0 0 0 0 0 0 327
1.7501 0.9297 0.96053 0 0 0 0 0 0 0 328
1.6058 1.0182 0.82072 0 0 0 0 0 0 0 329
1.5295 0.63844 0.91633 0 0 0 0 0 0 0 330
1.6734 0.92552 0.96808 0 0 0 0 0 0 0 331
1.4228 0.89417 1.1324 0 0 0 0 0 0 0 332
1.4878 0.98744 0.9177 0 0 0 0 0 0 0 333
1.4285 0.53362 0.98542 0 0 0 0 0 0 0 334
1.2082 1.0722 0.83294 0 0 0 0 0 0 0 335
1.5657 0.81894 0.84891 0 0 0 0 0 0 0 336
1.6779 0.54775 0.84201 0 0 0 0 0 0 0 337
1.4656 0.84549 0.86671 0 0 0 0 0 0 0 338
1.3937 0.78657 1.0761 0 0 0 0 0 0 0 339
1.67 0.68195 0.80228 0 0 0 0 0 0 0 340
1.1632 0.71243 0.9329 0 0 0 0 0 0 0 341
18.9681 -0.8033 -0.44472 -0.53929 0 0 0 0 0 0 342
20.4605 -0.25469 -0.55116 -0.98837 0 0 0 0 0 0 343
19.6724 -0.40147 -0.70577 -0.61769 0 0 0 0 0 0 344
19.6166 -0.24272 -0.30328 -0.43956 0 0 0 0 0 0 345
18.9907 -0.49627 -1.0791 0.043915 0 0 0 0 0 0 346
19.5583 -0.51198 -0.29554 -0.1345 0 0 0 0 0 0 347
19.4064 0.011101 0.18055 -0.70492 0 0 0 0 0 0 348
19.9843 -0.58356 -0.77949 -0.26017 0 0 0 0 0 0 349
19.3485 -1.4422 -0.70343 -0.55043 0 0 0 0 0 0 350
19.137 -0.76088 0.098773 -0.39077 0 0 0 0 0 0 351
19.9226 -0.31111 -0.69034 -1.1476 0 0 0 0 0 0 352
19.2429 -0.9579 -0.33694 -0.44281 0 0 0 0 0 0 353
19.8895 -0.45798 -0.95695 -0.37186 0 0 0 0 0 0 354
19.9581 -0.37057 -0.35633 -0.33136 0 0 0 0 0 0 355
19.6987 -0.60081 -0.56409 0.47499 0 0 0 0 0 0 356
19.8844 -0.51487 -0.82827 -0.57623 0 0 0 0 0 0 357
19.1321 -0.60607 -0.24206 -1.0787 0 0 0 0 0 0 358
18.8585 -0.61785 -0.20388 -0.026852 0 0 0 0 0 0 359
19.7087 -0.31503 -0.3729 -1.1804 0 0 0 0 0 0 360
19.1629 -0.95878 0.24449 -0.32056 0 0 0 0 0 0 361
19.5289 -0.3947 -0.2126 -0.69331 0 0 0 0 0 0 362
19.9137 -0.69177 -0.021276 -0.79709 0 0 0 0 0 0 363
19.8584 -0.90959 -0.72179 -0.33355 0 0 0 0 0 0 364
19.0124 -0.49708 -0.2723 0.08737 0 0 0 0 0 0 365
19.3049 -0.87367 -0.26932 -0.42542 0 0 0 0 0 0 366
19.852 -0.76358 -0.22535 -0.22653 0 0 0 0 0 0 367
19.6919 -0.25877 -1.2154 -0.92063 0 0 0 0 0 0 368
19.3911 -0.20636 -0.59852 -0.22579 0 0 0 0 0 0 369
19.6758 -0.32344 -0.76374 -0.97356 0 0 0 0 0 0 370
19.7514 -1.176 -0.86835 -0.26614 0 0 0 0 0 0 371
20.1733 -0.82469 -0.60467 -0.57061 0 0 0 0 0 0 372
19.4989 -0.14308 -0.4312 -0.88963 0 0 0 0 0 0 373
19.7902 -0.33217 -0.24744 -0.7984 0 0 0 0 0 0 374
19.4562 -0.086172 -0.14591 0.0066688 0 0 0 0 0 0 375
20.0491 0.029719 -0.38922 -1.1953 0 0 0 0 0 0 376
19.6105 0.16072 0.3916 -0.28625 0 0 0 0 0 0 377
19.5358 -0.72941 -0.45508 -0.37752 0 0 0 0 0 0 378
19.7964 -0.74372 -0.23877 -0.5712 0 0 0 0 0 0 379
19.5025 -0.55657 -0.70069 -0.098316 0 0 0 0 0 0 380
19.5533 -0.22536 -1.067 -0.37174 0 0 0 0 0 0 381
19.7842 -0.6175 -0.44261 -0.39743 0 0 0 0 0 0 382
19.4258 -0.015358 -0.77894 -0.29334 0 0 0 0 0 0 383
19.9003 0.2201 -0.41719 0.1835 0 0 0 0 0 0 384
19.1715 -0.05648 0.26176 -0.48422 0 0 0 0 0 0 385
19.6306 -0.68492 -0.083093 -0.45386 0 0 0 0 0 0 386
19.4322 -0.86627 -0.4146 -0.21306 0 0 0 0 0 0 387
19.8546 -0.89518 -0.23645 -1.1018 0 0 0 0 0 0 388
19.8278 -0.44358 -0.40073 -1.4115 0 0 0 0 0 0 389
19.3815 -0.96281 -0.34578 0.35072 0 0 0 0 0 0 390
19.0143 -0.63923 -0.39068 -0.63424 0 0 0 0 0 0 391
19.0256 0.31516 -0.77785 0.018735 0 0 0 0 0 0 392
20.0777 -0.97869 -0.29703 -0.37502 0 0 0 0 0 0 393
19.8847 -0.54664 -0.75606 -1.0926 0 0 0 0 0 0 394
19.6846 -0.42315 -0.53517 -0.58758 0 0 0 0 0 0 395
19.6535 -0.76119 -1.2704 -0.84849 0 0 0 0 0 0 396
19.3467 -0.66532 -0.45416 -0.82539 0 0 0 0 0 0 397
19.6631 -0.022197 -0.60617 -1.0958 0 0 0 0 0 0 398
19.2824 -0.46982 0.022179 -0.18799 0 0 0 0 0 0 399
19.3875 -0.39801 -0.63828 -0.5064 0 0 0 0 0 0 400
19.0918 -0.71112 0.25173 -0.9326 0 0 0 0 0 0 401
19.4187 -0.74395 0.11919 0.045793 0 0 0 0 0 0 402
19.4449 -0.036462 -0.42005 -0.74218 0 0 0 0 0 0 403
19.3475 -0.19952 -0.60008 -0.80522 0 0 0 0 0 0 404
19.3149 -0.22196 -0.1127 -0.44266 0 0 0 0 0 0 405
19.5038 -0.30173 -0.27434 -0.87256 0 0 0 0 0 0 406
18.8689 -0.8199 -0.42753 -0.91669 0 0 0 0 0 0 407
18.9868 -0.19916 -0.91851 -0.56485 0 0 0 0 0 0 408
19.7241 -0.89953 -0.69799 -0.86545 0 0 0 0 0 0 409
19.8158 -0.16632 -0.73653 -0.80757 0 0 0 0 0 0 410
19.9377 -0.59616 -0.11195 -0.27036 0 0 0 0 0 0 411
19.1377 0.24949 -0.249 -0.37691 0 0 0 0 0 0 412
19.748 -0.84846 -0.19194 -0.57207 0 0 0 0 0 0 413
19.8481 -0.1154 -0.30402 -0.26617 0 0 0 0 0 0 414
19.3294 0.66332 -0.41768 -0.38964 0 0 0 0 0 0 415
19.6731 0.035753 -0.74748 -0.38656 0 0 0 0 0 0 416
19.8835 -0.64837 0.2194 -0.39423 0 0 0 0 0 0 417
19.3611 -0.95972 -0.39984 -0.30057 0 0 0 0 0 0 418
19.2107 0.21942 0.35339 -0.85853 0 0 0 0 0 0 419
19.8622 0.032901 -0.31118 -0.34467 0 0 0 0 0 0 420
19.5456 -0.75996 -0.37783 -0.7481 0 0 0 0 0 0 421
19.2845 -0.96064 -0.4546 -0.72492 0 0 0 0 0 0 422
20.105 -0.11022 0.016106 -0.32598 0 0 0 0 0 0 423
19.6942 -0.75791 -0.54264 -0.34306 0 0 0 0 0 0 424
19.8654 -0.053825 -0.76004 -0.62706 0 0 0 0 0 0 425
19.0775 -0.14234 -1.0306 -0.28566 0 0 0 0 0 0 426
19.6702 -0.54569 -1.099 -0.32483 0 0 0 0 0 0 427
19.5167 -0.28467 -0.63689 -0.97003 0 0 0 0 0 0 428
20.3288 -0.27929 -0.29119 -0.48602 0 0 0 0 0 0 429
19.5856 -0.38509 -0.83489 -0.83428 0 0 0 0 0 0 430
18.5495 -0.45645 -0.48211 -0.78944 0 0 0 0 0 0 431
19.0249 -0.11967 -0.26102 -0.54856 0 0 0 0 0 0 432
19.8073 0.13042 -0.97969 -0.42445 0 0 0 0 0 0 433
19.3776 -0.43194 -0.30917 -0.87721 0 0 0 0 0 0 434
19.1704 -0.75691 -0.91395 -0.76344 0 0 0 0 0 0 435
20.038 -0.59378 -0.20113 -0.48452 0 0 0 0 0 0 436
20.2205 -1.208 0.025598 0.11699 0 0 0 0 0 0 437
19.5235 -1.1091 -0.5364 -0.11593 0 0 0 0 0 0 438
19.1561 -1.1916 -0.14849 -0.049453 0 0 0 0 0 0 439
19.3413 -0.70491 -0.94988 0.40586 0 0 0 0 0 0 440
19.5156 -1.0265 -0.45358 -0.84135 0 0 0 0 0 0 441
19.5332 -0.45054 -0.56307 -0.26031 0 0 0 0 0 0 442
18.904 -0.10961 -0.18348 0.33651 0 0 0 0 0 0 443
19.5779 0.083609 -0.36945 -0.53477 0 0 0 0 0 0 444
19.1217 -0.37571 0.039329 -0.86932 0 0 0 0 0 0 445
19.9123 -0.14532 -0.51024 -0.39633 0 0 0 0 0 0 446
19.2159 -0.1129 -0.21874 -0.31998 0 0 0 0 0 0 447
18.9363 -0.83001 -0.40519 -0.067148 0 0 0 0 0 0 448
19.2777 -0.05254 -0.31123 -0.93828 0 0 0 0 0 0 449
19.5912 -0.50256 -0.2492 0.0023666 0 0 0 0 0 0 450
20.0544 -0.1208 -0.63394 0.079121 0 0 0 0 0 0 451
19.7147 -1.1721 -0.44237 0.07755 0 0 0 0 0 0 452
19.7313 -0.27498 -1.3912 -0.24337 0 0 0 0 0 0 453
18.9416 -0.33642 0.19983 -0.46664 0 0 0 0 0 0 454
19.1459 -0.458 -0.0050021 -0.1256 0 0 0 0 0 0 455
18.892 -1.1606 -0.4504 -0.60211 0 0 0 0 0 0 456
19.7669 -0.17957 -0.84658 -0.5066 0 0 0 0 0 0 457
19.3732 -0.26367 -0.52701 -0.45297 0 0 0 0 0 0 458
19.7772 -0.79552 -0.48471 -0.57659 0 0 0 0 0 0 459
19.0795 -0.41966 0.035708 0.15146 0 0 0 0 0 0 460
19.673 -1.1639 -0.74098 -0.37125 0 0 0 0 0 0 461
19.5975 0.12732 -0.63146 -0.6621 0 0 0 0 0 0 462
20.0964 -0.27427 -0.71633 -0.69175 0 0 0 0 0 0 463
19.4749 -0.019346 -0.44951 -0.44283 0 0 0 0 0 0 464
19.7475 0.76699 0.31055 -0.43076 0 0 0 0 0 0 465
19.5528 -0.46714 -0.15496 -1.2484 0 0 0 0 0 0 466
19.6168 0.65411 -0.69498 0.037689 0 0 0 0 0 0 467
19.7171 0.27148 -1.0048 -0.81245 0 0 0 0 0 0 468
19.1187 -0.018701 -0.024025 -0.56226 0 0 0 0 0 0 469
19.7028 -0.5282 -0.93574 -0.93835 0 0 0 0 0 0 470
19.8324 -0.4793 -1.2296 -0.62398 0 0 0 0 0 0 471
18.8654 -0.40311 0.12314 -0.45738 0 0 0 0 0 0 472
19.6002 -0.54167 -0.60434 -0.83689 0 0 0 0 0 0 473
20.3533 -0.10613 -0.88196 -0.45658 0 0 0 0 0 0 474
19.8873 -0.78753 0.131 -0.092268 0 0 0 0 0 0 475
19.488 -0.70582 -0.97224 -0.64622 0 0 0 0 0 0 476
20.1082 -0.81698 -1.3848 0.21799 0 0 0 0 0 0 477
19.5404 0.037974 -0.94635 -0.41343 0 0 0 0 0 0 478
19.0361 -0.88726 -0.19284 -0.32838 0 0 0 0 0 0 479
19.3875 -0.34462 -0.76127 -1.302 0 0 0 0 0 0 480
19.1818 -0.075549 0.1769 -1.2407 0 0 0 0 0 0 481
19.7442 0.2207 -0.5823 -0.73045 0 0 0 0 0 0 482
20.0234 -0.63307 -0.38382 -0.58714 0 0 0 0 0 0 483
19.2135 -0.69337 -0.38992 -0.40331 0 0 0 0 0 0 484
19.7262 -0.78117 -1.3828 -0.52589 0 0 0 0 0 0 485
18.9463 -0.27733 -0.82486 -0.32943 0 0 0 0 0 0 486
19.1401 -0.34816 -0.46244 0.21989 0 0 0 0 0 0 487
19.1836 -0.32569 -0.62795 -1.2815 0 0 0 0 0 0 488
19.4904 0.18324 -1.236 0.33581 0 0 0 0 0 0 489
19.721 -0.98392 -0.24728 -0.37459 0 0 0 0 0 0 490
19.7969 -0.017932 -0.2498 -0.94442 0 0 0 0 0 0 491
19.7885 -0.36514 -0.81866 -0.92304 0 0 0 0 0 0 492
19.947 -0.35866 -0.18468 -0.62401 0 0 0 0 0 0 493
19.3809 -0.83432 -1.2427 -0.49716 0 0 0 0 0 0 494
19.4273 -0.96942 0.065694 -0.46636 0 0 0 0 0 0 495
19.9637 -0.29326 -0.45307 -0.83637 0 0 0 0 0 0 496
19.103 -0.71789 -0.69887 -0.92241 0 0 0 0 0 0 497
19.4413 -0.53784 0.091726 -0.16054 0 0 0 0 0 0 498
19.6973 -0.65887 -0.0067797 -0.28272 0 0 0 0 0 0 499
19.704 -0.80873 -0.87415 -0.67869 0 0 0 0 0 0 500
19.2494 -0.57795 0.14067 -0.54734 0 0 0 0 0 0 501
19.0045 -0.89431 -0.516 -0.82855 0 0 0 0 0 0 502
19.3786 -1.0389 -1.1446 -0.38354 0 0 0 0 0 0 503
19.6467 -0.68397 -0.2527 -0.70995 0 0 0 0 0 0 504
19.2521 -0.053542 -0.68811 -0.82864 0 0 0 0 0 0 505
19.4158 -0.88202 -0.25163 0.10604 0 0 0 0 0 0 506
20.5187 -0.34641 -0.48096 -0.31191 0 0 0 0 0 0 507
19.1935 -0.49486 -0.30248 -0.67642 0 0 0 0 0 0 508
19.2486 -1.0914 -0.59711 -0.2235 0 0 0 0 0 0 509
19.9733 -0.50418 -1.0905 -0.31442 0 0 0 0 0 0 510
19.5555 -0.47031 -0.3898 -0.21466 0 0 0 0 0 0 511
20.04 0.63423 -0.80828 -0.61343 0 0 0 0 0 0 512
18.7407 -1.114 -0.86897 0.4691 0 0 0 0 0 0 513
19.1142 -0.21606 -1.3432 -0.28239 0 0 0 0 0 0 514
19.7833 -0.96772 -0.57823 -0.63849 0 0 0 0 0 0 515
19.1187 0.32532 -0.49208 -0.87072 0 0 0 0 0 0 516
19.1262 -0.75641 -0.21808 -0.13894 0 0 0 0 0 0 517
19.2122 -0.2897 -0.2214 -1.0464 0 0 0 0 0 0 518
19.8822 -0.65506 0.079793 -1.1796 0 0 0 0 0 0 519
19.8217 -0.40064 -1.0385 -0.016583 0 0 0 0 0 0 520
19.604 -1.1977 -0.04343 -0.023956 0 0 0 0 0 0 521
19.6909 -0.30199 -0.12899 -0.4105 0 0 0 0 0 0 522
20.1394 -0.63888 -0.84005 -0.36578 0 0 0 0 0 0 523
19.4644 -0.32155 -0.90589 -0.3747 0 0 0 0 0 0 524
19.5481 -0.53217 -0.08693 -0.32862 0 0 0 0 0 0 525
19.4731 -0.21887 -0.51253 -0.8371 0 0 0 0 0 0 526
19.3903 -0.18606 -0.21282 -0.35637 0 0 0 0 0 0 527
19.716 -0.8513 -0.38929 0.35417 0 0 0 0 0 0 528
20.3354 0.32142 -0.24134 -0.22994 0 0 0 0 0 0 529
19.4053 -0.17387 -0.72137 -0.6223 0 0 0 0 0 0 530
19.888 -0.84524 -0.26993 -0.48412 0 0 0 0 0 0 531
19.4821 -0.56305 -1.2139 -1.1591 0 0 0 0 0 0 532
20.2323 -1.3416 -0.91305 -0.42242 0 0 0 0 0 0 533
20.6254 -0.29634 -0.040754 -0.28067 0 0 0 0 0 0 534
19.2713 -0.8492 -0.43347 -0.39526 0 0 0 0 0 0 535
19.418 -0.74428 -0.049728 -0.36667 0 0 0 0 0 0 536
19.1846 -0.34677 0.3545 -0.57539 0 0 0 0 0 0 537
19.2593 -0.60051 -0.18399 -0.34584 0 0 0 0 0 0 538
19.133 0.1399 -0.30286 -0.80994 0 0 0 0 0 0 539
19.5369 -0.86946 -0.49204 -0.75949 0 0 0 0 0 0 540
19.7323 -1.0685 -0.4287 -0.095249 0 0 0 0 0 0 541
19.3402 0.1401 -0.47745 0.10335 0 0 0 0 0 0 542
19.234 0.029321 0.014202 -0.026992 0 0 0 0 0 0 543
18.952 -0.8333 -0.44097 0.18561 0 0 0 0 0 0 544
20.2388 -0.075726 -1.0701 -0.41921 0 0 0 0 0 0 545
19.1116 -0.17854 -0.21254 -0.62688 0 0 0 0 0 0 546
19.8062 -0.065343 -0.29431 -0.16604 0 0 0 0 0 0 547
20.0029 -1.1335 -0.6238 0.080531 0 0 0 0 0 0 548
19.5097 -0.092666 -0.34251 -0.049065 0 0 0 0 0 0 549
19.3056 0.02682 -0.14604 -0.17681 0 0 0 0 0 0 550
19.9869 -0.58589 -0.28235 -1.1197 0 0 0 0 0 0 551
19.7312 -0.37742 -0.34578 -1.0166 0 0 0 0 0 0 552
19.8796 -1.276 -0.24237 -0.20865 0 0 0 0 0 0 553
19.1392 -0.46373 0.45471 -0.5433 0 0 0 0 0 0 554
19.6406 -0.64063 -0.60267 -0.56339 0 0 0 0 0 0 555
19.7624 -1.1755 -0.28276 -0.80159 0 0 0 0 0 0 556
19.1283 -1.1164 -0.62952 -0.49516 0 0 0 0 0 0 557
19.4892 -0.74854 -1.3388 -0.45784 0 0 0 0 0 0 558
19.2756 -0.05965 -1.4717 -0.39169 0 0 0 0 0 0 559
19.9614 -0.33536 -0.42642 -0.11257 0 0 0 0 0 0 560
19.6088 -0.22452 -1.0179 -0.86414 0 0 0 0 0 0 561
19.6519 -0.94491 -0.96654 -0.59986 0 0 0 0 0 0 562
19.5119 -1.1854 -0.91594 -0.13643 0 0 0 0 0 0 563
19.4142 -0.29616 -0.98331 -0.40633 0 0 0 0 0 0 564
18.9642 -0.77525 -0.2498 0.80984 0 0 0 0 0 0 565
19.7115 -0.18672 -0.89174 -0.27677 0 0 0 0 0 0 566
19.4562 0.29546 -0.19798 -0.78356 0 0 0 0 0 0 567
19.4813 -0.32732 -0.046385 -0.48759 0 0 0 0 0 0 568
19.5659 -0.2963 -0.59836 -0.23168 0 0 0 0 0 0 569
19.0339 -0.47516 0.18846 -0.54601 0 0 0 0 0 0 570
20.3025 -0.65522 -0.27113 -0.52573 0 0 0 0 0 0 571
19.6146 0.027981 -0.53118 -0.87819 0 0 0 0 0 0 572
18.8845 0.05586 -0.16613 -0.29427 0 0 0 0 0 0 573
19.3041 0.11116 -0.50241 -0.76841 0 0 0 0 0 0 574
19.368 -0.18702 -0.33961 -0.22942 0 0 0 0 0 0 575
20.4341 -0.078889 -0.16127 -0.24049 0 0 0 0 0 0 576
19.3894 -0.14309 -0.062352 -0.24647 0 0 0 0 0 0 577
19.3421 -0.38237 -0.68755 0.051425 0 0 0 0 0 0 578
19.5068 -0.20095 -1.1163 -0.9441 0 0 0 0 0 0 579
19.2093 -0.5843 -0.26463 -0.11237 0 0 0 0 0 0 580
18.918 -0.8633 -0.56786 -0.1782 0 0 0 0 0 0 581
19.7341 -0.39386 -0.369 -0.45369 0 0 0 0 0 0 582
19.5202 -1.1868 -0.60087 -0.52258 0 0 0 0 0 0 583
19.8309 -1.016 -0.084627 -0.55045 0 0 0 0 0 0 584
18.9883 -0.062606 -0.331 0.20059 0 0 0 0 0 0 585
20.0264 0.16879 -0.58172 -0.12118 0 0 0 0 0 0 586
19.5624 -0.5212 -0.69789 -0.37325 0 0 0 0 0 0 587
19.504 -0.25262 0.28434 -1.0904 0 0 0 0 0 0 588
19.8025 -0.73364 -0.25327 -0.89801 0 0 0 0 0 0 589
19.2076 -0.36971 -0.041224 -1.3145 0 0 0 0 0 0 590
19.4991 -0.38307 -0.47845 -0.13804 0 0 0 0 0 0 591
19.0346 -0.54872 -0.16606 -0.30681 0 0 0 0 0 0 592
19.8966 -0.83873 -0.47964 -0.33809 0 0 0 0 0 0 593
19.6008 -1.0303 -0.19659 -0.94378 0 0 0 0 0 0 594
20.2148 -0.0020213 -1.0977 -0.25409 0 0 0 0 0 0 595
19.173 -0.71042 -0.17841 -0.36705 0 0 0 0 0 0 596
19.7508 -0.8658 0.28521 0.28379 0 0 0 0 0 0 597
19.4036 -0.59225 -1.9121 0.069307 0 0 0 0 0 0 598
19.617 -0.79011 -0.6312 -0.79401 0 0 0 0 0 0 599
19.2503 -0.55346 -0.92527 0.06954 0 0 0 0 0 0 600
20.1502 -0.80293 -0.87702 -1.4376 0 0 0 0 0 0 601
19.4468 -0.57341 -0.32221 -0.86515 0 0 0 0 0 0 602
19.1846 -0.37354 -0.52302 -0.6279 0 0 0 0 0 0 603
19.696 0.087898 -0.79426 0.27313 0 0 0 0 0 0 604
19.4267 -0.099424 -0.19435 -0.32509 0 0 0 0 0 0 605
19.5993 -0.91796 -0.92871 -1.0001 0 0 0 0 0 0 606
20.3097 -0.18712 -0.77431 -0.831 0 0 0 0 0 0 607
19.9084 -0.05759 -0.6008 -0.58722 0 0 0 0 0 0 608
19.4874 -1.2802 0.10797 0.31864 0 0 0 0 0 0 609
18.7065 -0.01885 -0.36046 -0.83419 0 0 0 0 0 0 610
19.1259 -0.96575 -0.19336 -0.74476 0 0 0 0 0 0 611
19.1978 -0.25275 -0.68677 -0.5808 0 0 0 0 0 0 612
19.1004 -0.52242 -0.064736 -0.0096739 0 0 0 0 0 0 613
22.7206 1.7629 1.9738 1.5239 0 0 0 0 0 0 614
21.403 2.2929 1.7299 2.0254 0 0 0 0 0 0 615
22.1314 1.8242 2.1237 1.7107 0 0 0 0 0 0 616
21.7863 1.9813 1.6982 2.0244 0 0 0 0 0 0 617
22.4783 1.9838 2.0278 1.5263 0 0 0 0 0 0 618
21.2409 1.9628 0.93606 1.566 0 0 0 0 0 0 619
21.6539 0.89684 1.9508 2.0934 0 0 0 0 0 0 620
21.5143 2.1486 0.97696 2.0324 0 0 0 0 0 0 621
20.5799 1.5019 1.4741 2.0755 0 0 0 0 0 0 622
21.3022 2.0699 1.0585 2.054 0 0 0 0 0 0 623
21.8238 1.5976 2.2839 1.9081 0 0 0 0 0 0 624
21.5802 2.1674 1.7975 1.9714 0 0 0 0 0 0 625
22.1342 1.6677 1.9704 1.6724 0 0 0 0 0 0 626
21.5329 1.5134 2.2336 2.5252 0 0 0 0 0 0 627
22.1091 1.4789 1.929 2.6051 0 0 0 0 0 0 628
22.3225 1.411 1.7739 1.4292 0 0 0 0 0 0 629
21.7411 1.8562 1.7016 2.2188 0 0 0 0 0 0 630
21.7446 2.5856 1.8673 1.9292 0 0 0 0 0 0 631
21.2665 1.0832 2.3933 1.652 0 0 0 0 0 0 632
21.6333 1.877 2.0785 1.6588 0 0 0 0 0 0 633
22.3193 1.7374 1.9233 1.2168 0 0 0 0 0 0 634
21.8518 1.4066 2.68 1.7652 0 0 0 0 0 0 635
22.4401 1.8483 1.7404 2.0508 0 0 0 0 0 0 636
22.5026 1.432 1.6884 1.7125 0 0 0 0 0 0 637
21.1516 1.4407 1.9847 1.9078 0 0 0 0 0 0 638
21.7575 1.5446 1.7702 1.2041 0 0 0 0 0 0 639
21.8595 1.4338 1.2705 1.9086 0 0 0 0 0 0 640
21.5059 1.2896 1.7919 1.0877 0 0 0 0 0 0 641
21.8029 1.9646 1.9154 1.8577 0 0 0 0 0 0 642
21.4548 1.8337 1.7311 1.8632 0 0 0 0 0 0 643
21.8781 1.2455 1.9088 1.9926 0 0 0 0 0 0 644
22.3111 1.1887 2.3191 1.7211 0 0 0 0 0 0 645
22.1566 2.1428 1.8295 2.1824 0 0 0 0 0 0 646
22.2421 1.8846 1.6497 2.5962 0 0 0 0 0 0 647
22.2899 1.6881 1.6451 2.5122 0 0 0 0 0 0 648
22.0152 1.8569 1.3638 1.4799 0 0 0 0 0 0 649
21.3457 1.9437 2.4256 1.9466 0 0 0 0 0 0 650
22.2358 1.8835 1.9761 1.5189 0 0 0 0 0 0 651
22.5744 1.8311 1.5634 1.8077 0 0 0 0 0 0 652
21.732 1.5651 2.3758 2.4929 0 0 0 0 0 0 653
21.83 2.0291 1.772 1.8776 0 0 0 0 0 0 654
21.7742 2.6144 1.4225 1.9026 0 0 0 0 0 0 655
21.4731 1.3336 2.1612 1.6036 0 0 0 0 0 0 656
21.6603 1.2445 2.1656 1.7367 0 0 0 0 0 0 657
21.6853 2.7913 1.8796 2.2415 0 0 0 0 0 0 658
22.3851 2.1983 2.3641 1.4805 0 0 0 0 0 0 659
22.4647 1.8856 1.508 1.49 0 0 0 0 0 0 660
21.8717 1.8166 1.9034 1.4362 0 0 0 0 0 0 661
21.683 2.0447 1.5455 1.9879 0 0 0 0 0 0 662
21.6753 1.5486 1.4464 2.1301 0 0 0 0 0 0 663
21.9523 1.9107 1.514 2.1466 0 0 0 0 0 0 664
22.1441 2.3698 1.8821 1.8299 0 0 0 0 0 0 665
21.2771 1.4631 0.99567 1.9361 0 0 0 0 0 0 666
21.4477 2.6355 2.0879 1.769 0 0 0 0 0 0 667
21.8458 2.2462 1.9919 1.8426 0 0 0 0 0 0 668
21.6427 1.695 1.5459 1.2393 0 0 0 0 0 0 669
22.1138 2.0676 1.8389 1.6373 0 0 0 0 0 0 670
21.8424 2.3448 2.5126 1.4838 0 0 0 0 0 0 671
22.0531 1.9635 1.671 1.6537 0 0 0 0 0 0 672
22.1474 1.7999 2.2945 1.903 0 0 0 0 0 0 673
22.1355 1.9496 1.8311 1.4755 0 0 0 0 0 0 674
21.1261 1.7831 1.6935 2.1784 0 0 0 0 0 0 675
22.0049 2.3518 2.2686 1.6766 0 0 0 0 0 0 676
21.5302 1.4273 1.2419 2.3467 0 0 0 0 0 0 677
21.2689 1.6394 1.2222 1.9195 0 0 0 0 0 0 678
21.4813 2.4939 1.6083 0.79875 0 0 0 0 0 0 679
21.7182 1.5041 2.099 1.682 0 0 0 0 0 0 680
22.5899 2.0224 2.1529 1.8962 0 0 0 0 0 0 681
21.6708 1.1985 1.8628 2.1984 0 0 0 0 0 0 682
1.3944 19.7532 -0.045863 0 0 0 0 0 0 0 683
-1.9784 20.3013 -0.045863 0 0 0 0 0 0 0 684
-1.7692 21.2034 -0.045863 0 0 0 0 0 0 0 685
-0.65734 21.7146 -0.045863 0 0 0 0 0 0 0 686
-0.79167 21.6858 -0.045863 0 0 0 0 0 0 0 687
1.8733 21.1068 -0.045863 0 0 0 0 0 0 0 688
-1.7791 21.1938 -0.045863 0 0 0 0 0 0 0 689
0.54209 19.49 -0.045863 0 0 0 0 0 0 0 690
-0.8164 21.6798 -0.045863 0 0 0 0 0 0 0 691
-1.8922 20.1617 -0.045863 0 0 0 0 0 0 0 692
1.4319 21.4539 -0.045863 0 0 0 0 0 0 0 693
1.3389 21.5011 -0.045863 0 0 0 0 0 0 0 694
-0.2847 19.4618 -0.045863 0 0 0 0 0 0 0 695
-0.26569 21.7665 -0.045863 0 0 0 0 0 0 0 696
0.67475 21.7139 -0.045863 0 0 0 0 0 0 0 697
2.0341 20.8232 -0.045863 0 0 0 0 0 0 0 698
-1.2902 21.5174 -0.045863 0 0 0 0 0 0 0 699
-0.21424 21.77 -0.045863 0 0 0 0 0 0 0 700
1.8973 20.15 -0.045863 0 0 0 0 0 0 0 701
0.63904 19.5062 -0.045863 0 0 0 0 0 0 0 702
-1.4248 19.7767 -0.045863 0 0 0 0 0 0 0 703
-0.70992 19.5228 -0.045863 0 0 0 0 0 0 0 704
1.7186 21.2614 -0.045863 0 0 0 0 0 0 0 705
-2.0173 20.3951 -0.045863 0 0 0 0 0 0 0 706
-0.49208 21.7421 -0.045863 0 0 0 0 0 0 0 707
1.2189 21.5543 -0.045863 0 0 0 0 0 0 0 708
0.79051 19.5375 -0.045863 0 0 0 0 0 0 0 709
0.15715 21.7736 -0.045863 0 0 0 0 0 0 0 710
-0.97531 21.636 -0.045863 0 0 0 0 0 0 0 711
0.11465 21.7751 -0.045863 0 0 0 0 0 0 0 712
-1.0295 19.6079 -0.045863 0 0 0 0 0 0 0 713
-2.0013 20.8747 -0.045863 0 0 0 0 0 0 0 714
0.7544 19.5293 -0.045863 0 0 0 0 0 0 0 715
0.80248 19.5403 -0.045863 0 0 0 0 0 0 0 716
-1.4988 21.4076 -0.045863 0 0 0 0 0 0 0 717
1.9815 20.9466 -0.045863 0 0 0 0 0 0 0 718
-1.3011 19.7144 -0.045863 0 0 0 0 0 0 0 719
-0.082276 19.4512 -0.045863 0 0 0 0 0 0 0 720
1.1237 21.5911 -0.045863 0 0 0 0 0 0 0 721
0.85842 19.554 -0.045863 0 0 0 0 0 0 0 722
1.8379 21.1475 -0.045863 0 0 0 0 0 0 0 723
-1.0867 21.5994 -0.045863 0 0 0 0 0 0 0 724
-2.0067 20.8609 -0.045863 0 0 0 0 0 0 0 725
0.11451 21.7751 -0.045863 0 0 0 0 0 0 0 726
1.7406 21.2425 -0.045863 0 0 0 0 0 0 0 727
-1.3226 19.7245 -0.045863 0 0 0 0 0 0 0 728
-0.90705 21.656 -0.045863 0 0 0 0 0 0 0 729
1.1736 21.5724 -0.045863 0 0 0 0 0 0 0 730
1.7065 19.9553 -0.045863 0 0 0 0 0 0 0 731
0.56038 19.4928 -0.045863 0 0 0 0 0 0 0 732
-2.0519 20.6658 -0.045863 0 0 0 0 0 0 0 733
-1.8481 20.1066 -0.045863 0 0 0 0 0 0 0 734
1.8247 21.1616 -0.045863 0 0 0 0 0 0 0 735
1.16 19.6492 -0.045863 0 0 0 0 0 0 0 736
0.3947 21.7559 -0.045863 0 0 0 0 0 0 0 737
0.72033 19.522 -0.045863 0 0 0 0 0 0 0 738
-0.47714 19.4827 -0.045863 0 0 0 0 0 0 0 739
1.4355 19.7749 -0.045863 0 0 0 0 0 0 0 740
-1.9725 20.2896 -0.045863 0 0 0 0 0 0 0 741
2.0128 20.3463 -0.045863 0 0 0 0 0 0 0 742
-2.0384 20.756 -0.045863 0 0 0 0 0 0 0 743
0.31889 21.7633 -0.045863 0 0 0 0 0 0 0 744
-1.1038 21.5932 -0.045863 0 0 0 0 0 0 0 745
-1.6356 21.316 -0.045863 0 0 0 0 0 0 0 746
-1.902 20.1749 -0.045863 0 0 0 0 0 0 0 747
0.25467 21.7682 -0.045863 0 0 0 0 0 0 0 748
-2.0502 20.5433 -0.045863 0 0 0 0 0 0 0 749
-0.046062 21.7763 -0.045863 0 0 0 0 0 0 0 750
-1.6079 21.3362 -0.045863 0 0 0 0 0 0 0 751
-1.67 19.9372 -0.045863 0 0 0 0 0 0 0 752
-1.1847 21.5625 -0.045863 0 0 0 0 0 0 0 753
-1.3261 19.7262 -0.045863 0 0 0 0 0 0 0 754
1.7899 20.0299 -0.045863 0 0 0 0 0 0 0 755
-1.8855 21.074 -0.045863 0 0 0 0 0 0 0 756
1.7786 20.019 -0.045863 0 0 0 0 0 0 0 757
0.11653 19.4518 -0.045863 0 0 0 0 0 0 0 758
1.6433 21.3206 -0.045863 0 0 0 0 0 0 0 759
-2.0017 20.8736 -0.045863 0 0 0 0 0 0 0 760
1.7034 21.2739 -0.045863 0 0 0 0 0 0 0 761
1.7107 21.2679 -0.045863 0 0 0 0 0 0 0 762
1.4645 19.791 -0.045863 0 0 0 0 0 0 0 763
1.9695 20.2582 -0.045863 0 0 0 0 0 0 0 764
1.5107 19.8179 -0.045863 0 0 0 0 0 0 0 765
1.8568 20.1005 -0.045863 0 0 0 0 0 0 0 766
2.047 20.7788 -0.045863 0 0 0 0 0 0 0 767
0.89909 21.662 -0.045863 0 0 0 0 0 0 0 768
-0.61885 21.7217 -0.045863 0 0 0 0 0 0 0 769
1.1735 21.5724 -0.045863 0 0 0 0 0 0 0 770
0.49206 19.4828 -0.045863 0 0 0 0 0 0 0 771
-1.9934 20.8933 -0.045863 0 0 0 0 0 0 0 772
-0.66715 19.5141 -0.045863 0 0 0 0 0 0 0 773
-0.81387 21.6804 -0.045863 0 0 0 0 0 0 0 774
1.5923 21.3567 -0.045863 0 0 0 0 0 0 0 775
1.5608 19.8492 -0.045863 0 0 0 0 0 0 0 776
0.24063 19.4576 -0.045863 0 0 0 0 0 0 0 777
1.729 19.9743 -0.045863 0 0 0 0 0 0 0 778
-2.0084 20.37 -0.045863 0 0 0 0 0 0 0 779
1.8463 21.1381 -0.045863 0 0 0 0 0 0 0 780
0.4381 19.4758 -0.045863 0 0 0 0 0 0 0 781
1.1943 19.6625 -0.045863 0 0 0 0 0 0 0 782
-1.1242 19.641 -0.045863 0 0 0 0 0 0 0 783
0.078579 21.776 -0.045863 0 0 0 0 0 0 0 784
-0.024589 19.4502 -0.045863 0 0 0 0 0 0 0 785
-1.9029 20.1762 -0.045863 0 0 0 0 0 0 0 786
1.9524 20.9974 -0.045863 0 0 0 0 0 0 0 787
0.082806 19.4509 -0.045863 0 0 0 0 0 0 0 788
-0.91243 21.6545 -0.045863 0 0 0 0 0 0 0 789
0.28645 19.4609 -0.045863 0 0 0 0 0 0 0 790
-2.0014 20.8744 -0.045863 0 0 0 0 0 0 0 791
0.9261 19.5722 -0.045863 0 0 0 0 0 0 0 792
-1.8912 21.0665 -0.045863 0 0 0 0 0 0 0 793
0.36437 21.7591 -0.045863 0 0 0 0 0 0 0 794
2.0119 20.8827 -0.045863 0 0 0 0 0 0 0 795
-1.9132 20.1909 -0.045863 0 0 0 0 0 0 0 796
0.32599 21.7627 -0.045863 0 0 0 0 0 0 0 797
2.0055 20.8975 -0.045863 0 0 0 0 0 0 0 798
-1.3617 19.7437 -0.045863 0 0 0 0 0 0 0 799
1.7933 20.0332 -0.045863 0 0 0 0 0 0 0 800
0.90536 19.5665 -0.045863 0 0 0 0 0 0 0 801
1.6029 19.8773 -0.045863 0 0 0 0 0 0 0 802
-0.7875 19.54 -0.045863 0 0 0 0 0 0 0 803
-0.20348 19.4562 -0.045863 0 0 0 0 0 0 0 804
0.17146 21.773 -0.045863 0 0 0 0 0 0 0 805
1.2977 21.5203 -0.045863 0 0 0 0 0 0 0 806
1.5248 19.8265 -0.045863 0 0 0 0 0 0 0 807
0.68245 19.5144 -0.045863 0 0 0 0 0 0 0 808
-1.8933 21.0637 -0.045863 0 0 0 0 0 0 0 809
-2.0506 20.6795 -0.045863 0 0 0 0 0 0 0 810
-1.2502 19.6916 -0.045863 0 0 0 0 0 0 0 811
-2.0358 20.4594 -0.045863 0 0 0 0 0 0 0 812
-0.72457 19.5259 -0.045863 0 0 0 0 0 0 0 813
0.83097 19.5471 -0.045863 0 0 0 0 0 0 0 814
0.4832 21.7452 -0.045863 0 0 0 0 0 0 0 815
0.8274 19.5463 -0.045863 0 0 0 0 0 0 0 816
2.0047 20.3275 -0.045863 0 0 0 0 0 0 0 817
-1.4245 21.4503 -0.045863 0 0 0 0 0 0 0 818
1.6298 21.3304 -0.045863 0 0 0 0 0 0 0 819
1.9952 20.9197 -0.045863 0 0 0 0 0 0 0 820
1.882 21.0963 -0.045863 0 0 0 0 0 0 0 821
1.8511 20.0941 -0.045863 0 0 0 0 0 0 0 822
-0.32869 19.4656 -0.045863 0 0 0 0 0 0 0 823
-1.2146 19.6765 -0.045863 0 0 0 0 0 0 0 824
-1.9893 20.9025 -0.045863 0 0 0 0 0 0 0 825
1.0498 21.6168 -0.045863 0 0 0 0 0 0 0 826
-2.0048 20.3608 -0.045863 0 0 0 0 0 0 0 827
-1.6051 19.8886 -0.045863 0 0 0 0 0 0 0 828
-1.4499 21.4362 -0.045863 0 0 0 0 0 0 0 829
-1.4676 21.4261 -0.045863 0 0 0 0 0 0 0 830
-2.0021 20.354 -0.045863 0 0 0 0 0 0 0 831
-1.0011 19.5988 -0.045863 0 0 0 0 0 0 0 832
0.39814 19.4713 -0.045863 0 0 0 0 0 0 0 833
1.778 20.0185 -0.045863 0 0 0 0 0 0 0 834
-0.97143 19.5896 -0.045863 0 0 0 0 0 0 0 835
0.5101 19.4853 -0.045863 0 0 0 0 0 0 0 836
-1.4411 21.4411 -0.045863 0 0 0 0 0 0 0 837
-2.0251 20.4196 -0.045863 0 0 0 0 0 0 0 838
-1.6358 21.3159 -0.045863 0 0 0 0 0 0 0 839
1.9423 21.0133 -0.045863 0 0 0 0 0 0 0 840
-1.4131 21.4564 -0.045863 0 0 0 0 0 0 0 841
1.5912 19.8693 -0.045863 0 0 0 0 0 0 0 842
1.9928 20.3021 -0.045863 0 0 0 0 0 0 0 843
0.8127 19.5427 -0.045863 0 0 0 0 0 0 0 844
0.3598 19.4673 -0.045863 0 0 0 0 0 0 0 845
-0.52881 19.4901 -0.045863 0 0 0 0 0 0 0 846
1.8567 21.1264 -0.045863 0 0 0 0 0 0 0 847
-1.1702 21.5682 -0.045863 0 0 0 0 0 0 0 848
-2.0537 20.6328 -0.045863 0 0 0 0 0 0 0 849
1.8187 20.0589 -0.045863 0 0 0 0 0 0 0 850
-0.82243 19.5485 -0.045863 0 0 0 0 0 0 0 851
-2.0539 20.6229 -0.045863 0 0 0 0 0 0 0 852
0.0069781 18.4477 0.94398 0 0 0 0 0 0 0 853
0.0069781 18.3945 0.77395 0 0 0 0 0 0 0 854
0.0069781 18.8985 1.6716 0 0 0 0 0 0 0 855
0.0069781 18.494 1.0652 0 0 0 0 0 0 0 856
0.0069781 18.4383 0.91659 0 0 0 0 0 0 0 857
0.0069781 20.0406 -1.7266 0 0 0 0 0 0 0 858
0.0069781 20.6025 -0.31237 0 0 0 0 0 0 0 859
0.0069781 19.1879 -1.9464 0 0 0 0 0 0 0 860
0.0069781 18.6368 1.3488 0 0 0 0 0 0 0 861
0.0069781 18.2868 -0.04573 0 0 0 0 0 0 0 862
0.0069781 18.3499 -0.67963 0 0 0 0 0 0 0 863
0.0069781 19.1901 -1.9472 0 0 0 0 0 0 0 864
0.0069781 19.2855 -1.977 0 0 0 0 0 0 0 865
0.0069781 19.3656 -1.9914 0 0 0 0 0 0 0 866
0.0069781 19.8083 -1.9018 0 0 0 0 0 0 0 867
0.0069781 20.0877 1.5858 0 0 0 0 0 0 0 868
0.0069781 19.3035 -1.981 0 0 0 0 0 0 0 869
0.0069781 18.5869 -1.3536 0 0 0 0 0 0 0 870
0.0069781 18.3015 0.26278 0 0 0 0 0 0 0 871
0.0069781 20.2347 1.3944 0 0 0 0 0 0 0 872
0.0069781 19.853 -1.8758 0 0 0 0 0 0 0 873
0.0069781 18.6903 1.4313 0 0 0 0 0 0 0 874
0.0069781 19.4701 -1.9963 0 0 0 0 0 0 0 875
0.0069781 19.5209 1.9012 0 0 0 0 0 0 0 876
0.0069781 18.9586 -1.8139 0 0 0 0 0 0 0 877
0.0069781 19.0884 1.8082 0 0 0 0 0 0 0 878
0.0069781 18.558 -1.2978 0 0 0 0 0 0 0 879
0.0069781 20.6129 -0.10337 0 0 0 0 0 0 0 880
0.0069781 18.3031 -0.37145 0 0 0 0 0 0 0 881
0.0069781 20.0086 -1.7571 0 0 0 0 0 0 0 882
0.0069781 18.3792 0.71574 0 0 0 0 0 0 0 883
0.0069781 18.8142 1.5875 0 0 0 0 0 0 0 884
0.0069781 19.3499 1.8976 0 0 0 0 0 0 0 885
0.0069781 20.5858 -0.46794 0 0 0 0 0 0 0 886
0.0069781 19.0646 1.7946 0 0 0 0 0 0 0 887
0.0069781 19.0953 -1.9036 0 0 0 0 0 0 0 888
0.0069781 19.3713 1.9004 0 0 0 0 0 0 0 889
0.0069781 19.1054 1.8172 0 0 0 0 0 0 0 890
0.0069781 18.629 1.3359 0 0 0 0 0 0 0 891
0.0069781 19.0446 1.7825 0 0 0 0 0 0 0 892
0.0069781 18.3128 0.36441 0 0 0 0 0 0 0 893
0.0069781 18.5367 1.1621 0 0 0 0 0 0 0 894
0.0069781 20.3423 -1.2976 0 0 0 0 0 0 0 895
0.0069781 18.4125 0.8361 0 0 0 0 0 0 0 896
0.0069781 19.9804 -1.7821 0 0 0 0 0 0 0 897
0.0069781 19.0141 1.7626 0 0 0 0 0 0 0 898
0.0069781 20.5245 -0.79379 0 0 0 0 0 0 0 899
0.0069781 20.6117 -0.1509 0 0 0 0 0 0 0 900
0.0069781 18.5738 -1.3288 0 0 0 0 0 0 0 901
0.0069781 18.8841 1.6584 0 0 0 0 0 0 0 902
0.0069781 19.6765 -1.9593 0 0 0 0 0 0 0 903
0.0069781 20.3493 -1.2835 0 0 0 0 0 0 0 904
0.0069781 19.6718 1.8691 0 0 0 0 0 0 0 905
0.0069781 19.0074 -1.8498 0 0 0 0 0 0 0 906
0.0069781 18.485 -1.135 0 0 0 0 0 0 0 907
0.0069781 18.776 -1.6357 0 0 0 0 0 0 0 908
0.0069781 20.2948 -1.3871 0 0 0 0 0 0 0 909
0.0069781 18.3465 0.57065 0 0 0 0 0 0 0 910
0.0069781 18.7338 -1.583 0 0 0 0 0 0 0 911
0.0069781 18.6264 1.3317 0 0 0 0 0 0 0 912
0.0069781 18.7557 1.5192 0 0 0 0 0 0 0 913
0.0069781 20.0987 -1.6652 0 0 0 0 0 0 0 914
0.0069781 20.2519 1.3675 0 0 0 0 0 0 0 915
0.0069781 18.735 1.4927 0 0 0 0 0 0 0 916
0.0069781 20.5702 -0.57255 0 0 0 0 0 0 0 917
0.0069781 18.2873 0.0091236 0 0 0 0 0 0 0 918
0.0069781 20.1048 -1.6583 0 0 0 0 0 0 0 919
0.0069781 19.5522 -1.9891 0 0 0 0 0 0 0 920
0.0069781 19.7978 -1.9074 0 0 0 0 0 0 0 921
0.0069781 18.3054 0.30165 0 0 0 0 0 0 0 922
0.0069781 19.1104 1.8198 0 0 0 0 0 0 0 923
0.0069781 18.6448 1.3618 0 0 0 0 0 0 0 924
0.0069781 20.5786 -0.51952 0 0 0 0 0 0 0 925
0.0069781 18.6215 1.3233 0 0 0 0 0 0 0 926
0.0069781 20.4502 0.95052 0 0 0 0 0 0 0 927
0.0069781 19.7778 -1.9176 0 0 0 0 0 0 0 928
0.0069781 19.9012 1.7522 0 0 0 0 0 0 0 929
0.0069781 20.6076 0.14879 0 0 0 0 0 0 0 930
0.0069781 18.6888 1.4291 0 0 0 0 0 0 0 931
0.0069781 20.3478 1.1947 0 0 0 0 0 0 0 932
0.0069781 19.7142 1.8539 0 0 0 0 0 0 0 933
0.0069781 18.3182 -0.49586 0 0 0 0 0 0 0 934
0.0069781 20.3538 1.1825 0 0 0 0 0 0 0 935
0.0069781 18.3782 -0.80357 0 0 0 0 0 0 0 936
0.0069781 20.2329 -1.4888 0 0 0 0 0 0 0 937
0.0069781 18.4292 -0.98103 0 0 0 0 0 0 0 938
0.0069781 20.4882 0.83444 0 0 0 0 0 0 0 939
0.0069781 19.6773 -1.959 0 0 0 0 0 0 0 940
0.0069781 18.6945 -1.529 0 0 0 0 0 0 0 941
0.0069781 20.5914 -0.42334 0 0 0 0 0 0 0 942
0.0069781 20.6085 0.13197 0 0 0 0 0 0 0 943
0.0069781 18.3119 -0.44897 0 0 0 0 0 0 0 944
0.0069781 19.8841 -1.8557 0 0 0 0 0 0 0 945
0.0069781 20.305 -1.3689 0 0 0 0 0 0 0 946
0.0069781 18.3646 0.65558 0 0 0 0 0 0 0 947
0.0069781 18.6661 -1.4869 0 0 0 0 0 0 0 948
0.0069781 18.3928 0.76776 0 0 0 0 0 0 0 949
0.0069781 19.7288 1.8481 0 0 0 0 0 0 0 950
0.0069781 18.4972 -1.1647 0 0 0 0 0 0 0 951
0.0069781 19.5887 1.891 0 0 0 0 0 0 0 952
0.0069781 19.5166 -1.9934 0 0 0 0 0 0 0 953
0.0069781 20.54 0.63593 0 0 0 0 0 0 0 954
0.0069781 19.4443 1.9048 0 0 0 0 0 0 0 955
0.0069781 19.3324 1.8948 0 0 0 0 0 0 0 956
0.0069781 19.3488 1.8975 0 0 0 0 0 0 0 957
0.0069781 19.9146 1.7426 0 0 0 0 0 0 0 958
0.0069781 20.6134 -0.05977 0 0 0 0 0 0 0 959
0.0069781 20.4831 -0.94281 0 0 0 0 0 0 0 960
0.0069781 18.9579 -1.8134 0 0 0 0 0 0 0 961
0.0069781 18.7684 1.5347 0 0 0 0 0 0 0 962
0.0069781 19.8203 1.8034 0 0 0 0 0 0 0 963
0.0069781 19.8812 -1.8577 0 0 0 0 0 0 0 964
0.0069781 20.0864 -1.6789 0 0 0 0 0 0 0 965
0.0069781 19.2559 1.8775 0 0 0 0 0 0 0 966
0.0069781 18.5542 -1.29 0 0 0 0 0 0 0 967
0.0069781 18.6258 -1.4223 0 0 0 0 0 0 0 968
0.0069781 19.5879 1.8911 0 0 0 0 0 0 0 969
0.0069781 20.2019 1.4427 0 0 0 0 0 0 0 970
0.0069781 20.543 -0.71399 0 0 0 0 0 0 0 971
0.0069781 18.9802 1.7386 0 0 0 0 0 0 0 972
0.0069781 20.3696 1.149 0 0 0 0 0 0 0 973
0.0069781 20.5629 0.52259 0 0 0 0 0 0 0 974
0.0069781 19.7239 1.8501 0 0 0 0 0 0 0 975
0.0069781 18.9934 1.7482 0 0 0 0 0 0 0 976
0.0069781 19.3544 -1.99 0 0 0 0 0 0 0 977
0.0069781 20.2563 1.3603 0 0 0 0 0 0 0 978
0.0069781 20.6131 -0.086943 0 0 0 0 0 0 0 979
0.0069781 19.8789 1.7675 0 0 0 0 0 0 0 980
0.0069781 19.7835 1.823 0 0 0 0 0 0 0 981
0.0069781 19.8766 -1.8608 0 0 0 0 0 0 0 982
0.0069781 18.393 0.76843 0 0 0 0 0 0 0 983
0.0069781 18.3059 -0.39731 0 0 0 0 0 0 0 984
0.0069781 20.5219 -0.80414 0 0 0 0 0 0 0 985
0.0069781 18.5448 -1.2708 0 0 0 0 0 0 0 986
0.0069781 20.3653 1.1583 0 0 0 0 0 0 0 987
0.0069781 19.6591 1.8731 0 0 0 0 0 0 0 988
0.0069781 18.3515 0.59571 0 0 0 0 0 0 0 989
0.0069781 20.4945 0.8131 0 0 0 0 0 0 0 990
0.0069781 19.3878 1.9021 0 0 0 0 0 0 0 991
0.0069781 20.167 1.4905 0 0 0 0 0 0 0 992
0.0069781 19.6874 -1.9556 0 0 0 0 0 0 0 993
0.0069781 19.4435 -1.9966 0 0 0 0 0 0 0 994
0.0069781 19.7686 1.8303 0 0 0 0 0 0 0 995
0.0069781 20.1745 1.4805 0 0 0 0 0 0 0 996
0.0069781 18.3273 0.46428 0 0 0 0 0 0 0 997
0.0069781 19.7171 -1.9445 0 0 0 0 0 0 0 998
0.0069781 18.2991 -0.32793 0 0 0 0 0 0 0 999
0.0069781 19.8927 -1.8499 0 0 0 0 0 0 0 1000
0.0069781 20.5827 -0.49099 0 0 0 0 0 0 0 1001
0.0069781 20.2888 1.306 0 0 0 0 0 0 0 1002
0.0069781 18.4293 -0.98121 0 0 0 0 0 0 0 1003
0.0069781 18.756 1.5195 0 0 0 0 0 0 0 1004
0.0069781 20.5983 -0.35908 0 0 0 0 0 0 0 1005
0.0069781 18.4014 0.79837 0 0 0 0 0 0 0 1006
0.0069781 18.7596 -1.6158 0 0 0 0 0 0 0 1007
0.0069781 20.2553 -1.4537 0 0 0 0 0 0 0 1008
0.0069781 18.6404 -1.4464 0 0 0 0 0 0 0 1009
0.0069781 19.6345 1.8802 0 0 0 0 0 0 0 1010
0.0069781 20.2576 -1.45 0 0 0 0 0 0 0 1011
0.0069781 18.3467 -0.66367 0 0 0 0 0 0 0 1012
0.0069781 20.5174 -0.82194 0 0 0 0 0 0 0 1013
0.0069781 20.6099 0.1056 0 0 0 0 0 0 0 1014
0.0069781 20.6129 -0.103 0 0 0 0 0 0 0 1015
0.0069781 18.3464 -0.66222 0 0 0 0 0 0 0 1016
0.0069781 20.3994 1.0816 0 0 0 0 0 0 0 1017
0.0069781 20.5961 0.28935 0 0 0 0 0 0 0 1018
0.0069781 20.3351 1.2203 0 0 0 0 0 0 0 1019
0.0069781 18.3365 0.51784 0 0 0 0 0 0 0 1020
0.0069781 18.9951 1.7494 0 0 0 0 0 0 0 1021
0.0069781 20.5234 0.70654 0 0 0 0 0 0 0 1022
0.0069781 20.2333 -1.4882 0 0 0 0 0 0 0 1023
27.6475 17.2395 -1.9978 0.22019 -1.1111 -2.7612 -4.0695 -0.74808 0 0 1024
28.6327 18.8621 -1.6364 -0.3568 -1.7795 0.17952 -3.0642 -0.55743 0 0 1025
25.4995 18.6844 -0.010356 -2.5418 -1.2475 -2.4545 -1.3367 -2.9717 0 0 1026
25.6165 18.0267 -1.0556 -3.4917 -0.43543 -1.2408 -0.74041 -2.2881 0 0 1027
26.4949 16.3052 -1.8692 -2.2078 -1.529 -2.1295 -3.5385 -0.46549 0 0 1028
27.4893 17.7993 -0.6919 -1.9891 -1.9229 -0.55001 -2.8018 -3.7095 0 0 1029
25.8726 19.6953 -2.4864 -1.1171 -1.1555 -0.33477 -1.4842 -1.1133 0 0 1030
27.8547 18.8016 0.6704 -0.82241 -3.9464 -1.877 -4.072 -2.926 0 0 1031
25.4673 20.4688 -1.56 0.022338 -1.3178 -2.7438 -1.6257 -2.1537 0 0 1032
27.4123 20.1694 -1.7109 -1.7124 -0.026413 0.7412 -1.3908 -3.8389 0 0 1033
27.7931 17.6886 -1.9451 -2.4971 -3.0615 -0.33593 -1.7128 -2.538 0 0 1034
26.9148 19.7076 -0.75532 -1.4325 -2.1492 -0.83143 -1.4541 -0.75425 0 0 1035
26.0205 19.0176 -1.8823 -1.6957 -1.8557 -0.26576 0.17361 -3.2293 0 0 1036
27.1051 17.9421 -0.23017 -0.50507 -3.2916 -1.1206 -4.4181 -1.0918 0 0 1037
25.3684 19.2838 -3.9952 -0.43287 -1.9314 -1.2724 -3.667 -3.1498 0 0 1038
26.3806 16.8487 0.77612 -0.63731 -2.6699 -1.5937 -4.2635 -3.0607 0 0 1039
27.359 17.7228 -0.53844 -0.54574 -2.9968 -1.9407 -0.82517 -2.1839 0 0 1040
26.3087 18.5355 -0.32335 -2.0055 -1.8739 -0.68118 -1.854 -0.85097 0 0 1041
26.4071 16.6934 -1.1195 -4.6727 -1.2281 -1.3722 -1.9845 -0.84003 0 0 1042
25.6993 18.9634 -2.4818 0.80123 -3.2978 -2.5968 -1.3329 -1.3706 0 0 1043
26.8718 17.837 -1.2877 -2.8052 -2.6336 -2.4841 -1.2675 -2.135 0 0 1044
27.2009 17.5254 -2.8503 -0.91141 -2.2259 -0.92085 -2.0939 -2.7812 0 0 1045
24.0633 18.5162 -2.7756 -0.10036 -1.417 -2.1603 -2.7647 -1.7892 0 0 1046
25.5886 19.4105 -2.9675 -1.8067 -3.2184 -2.7003 -1.3648 -0.93568 0 0 1047
25.9732 17.6063 -2.1533 -1.8428 -1.7907 -3.1031 -1.5282 0.28366 0 0 1048
24.9435 18.1442 -1.3998 -3.8263 -2.0513 -0.65385 -0.79614 -2.6614 0 0 1049
25.5734 18.8799 -1.0739 -1.9238 -1.4471 -1.3945 -0.63655 -2.2976 0 0 1050
27.7897 18.4718 -0.57852 -0.0034904 -1.7467 0.023179 -2.0211 -0.53255 0 0 1051
24.9662 18.465 -2.2522 -2.3117 0.61529 -1.4684 -2.9942 -0.81227 0 0 1052
28.1604 19.1547 -3.1627 -3.084 -1.2266 -2.6081 -0.75151 -0.73072 0 0 1053
26.3491 19.7486 -2.4016 -1.0177 -3.2942 -2.1568 -2.0905 -2.1771 0 0 1054
26.8519 18.18 -1.8564 -3.1279 -0.86693 -2.5258 -0.70462 0.062492 0 0 1055
26.7033 18.3599 -1.859 -0.99706 -0.83012 -0.25215 -1.1948 0.83005 0 0 1056
27.8356 19.6924 -0.46317 -4.4069 -2.7977 0.15619 -0.81105 -4.2793 0 0 1057
27.3513 18.3344 0.22303 -2.1156 -1.287 -2.2594 -3.4662 -3.7191 0 0 1058
25.3119 17.2144 -0.062472 -2.3807 -1.0517 -0.66228 -1.1092 -0.91222 0 0 1059
27.089 17.628 -1.6209 -1.1983 0.36996 -0.82891 -2.7658 -1.8888 0 0 1060
25.5051 16.9236 -1.9229 -2.7793 -2.7571 -2.3328 -1.2962 -2.2568 0 0 1061
26.7627 17.8302 -1.5486 -1.0388 -0.24478 -1.0683 0.21434 -0.78329 0 0 1062
28.6676 18.497 -2.9263 -0.9608 -3.4286 -1.7766 -1.4585 -1.1538 0 0 1063
27.9744 16.5667 -2.443 -2.83 -0.72187 -0.24319 -2.264 -0.73356 0 0 1064
26.0354 18.4253 -2.1233 -2.4935 -2.3267 -1.1692 -0.75045 -1.0712 0 0 1065
25.7293 17.7046 -0.55492 0.49469 -2.3718 -3.1263 -2.9787 -3.4971 0 0 1066
29.2261 16.817 -1.5136 -1.0371 -0.73167 -0.4166 -2.2146 -3.8256 0 0 1067
26.1312 19.148 -3.2101 -0.63441 -3.6851 -2.0919 -0.62998 -3.7847 0 0 1068
25.7027 17.8125 -0.27391 -2.51 -1.2083 -1.8914 -0.33045 -0.75936 0 0 1069
25.837 17.1829 -1.9841 -1.3257 -1.254 -1.9334 -1.4147 -3.7887 0 0 1070
26.1464 18.122 -2.7721 -2.1561 -1.1751 -1.6422 -0.038729 -1.1533 0 0 1071
23.1348 20.14 -1.55 -1.7621 -0.19179 -2.0787 -2.9637 -2.0433 0 0 1072
25.5532 19.7258 -2.2602 -2.5215 -3.5028 -2.1058 -1.2232 -1.9715 0 0 1073
24.6547 17.8507 -0.56889 -2.1982 -2.1105 -0.50804 -2.1768 0.044791 0 0 1074
26.1028 16.003 -1.358 -1.0536 -0.16407 -2.0122 0.33722 -1.3399 0 0 1075
23.6051 19.0734 -3.8498 -1.4803 -1.3132 -0.2428 -1.2606 -2.3544 0 0 1076
25.9828 19.5795 -1.6046 -3.4545 -0.64445 -3.3558 -3.6112 -1.9639 0 0 1077
26.3879 17.2129 -2.0801 0.43702 -0.068019 -0.60818 -0.43974 -1.3976 0 0 1078
27.6884 16.9122 0.078464 -1.058 -1.4147 -5.1324 -2.0294 -2.6505 0 0 1079
26.1528 19.2197 -0.98617 -3.6596 -1.5366 -1.0207 -3.9527 -0.47921 0 0 1080
25.509 17.8954 -1.5561 -3.5615 -1.5573 -2.039 -0.82679 -1.4727 0 0 1081
27.2793 18.0317 -2.9068 0.64303 -1.2311 -1.5383 -2.3324 -2.7737 0 0 1082
28.6072 18.0873 -2.6387 0.18331 -2.6872 -4.2045 -0.75443 -2.0985 0 0 1083
25.976 18.9493 -2.6097 -2.1821 -1.9474 -1.202 -2.661 -3.5509 0 0 1084
26.1817 18.2372 -2.4843 -2.6263 -1.3627 -3.1972 -1.9119 -3.515 0 0 1085
26.8905 18.168 -2.1141 1.1039 -2.7845 -0.79616 -2.4483 -0.88574 0 0 1086
25.9675 18.2575 -2.3406 -2.1927 -3.7377 -2.7394 -2.2468 -1.6425 0 0 1087
26.6248 18.6792 -0.70524 -1.5296 0.32844 -0.046821 -2.0984 -1.9345 0 0 1088
25.8336 17.6146 -1.8401 -2.0106 -2.746 -0.68871 -0.52696 -1.9202 0 0 1089
26.7336 19.4727 -3.5149 -0.93177 -0.68128 -2.338 0.14263 -3.1814 0 0 1090
25.2123 18.7619 -1.7299 -0.94285 -1.7483 -1.0792 -2.4 -1.335 0 0 1091
25.0376 17.8431 -1.9624 -1.3632 -1.2877 -1.7709 -1.3067 -1.3832 0 0 1092
26.1109 20.017 -1.574 -2.7493 -2.6149 -2.9953 -0.55704 0.099351 0 0 1093
24.3774 19.401 -1.2077 -2.0103 -1.7546 -1.7637 -3.7037 -0.96698 0 0 1094
26.6216 19.4837 -1.284 -0.90161 -2.2796 -2.6293 -0.27784 -2.1725 0 0 1095
27.7099 17.6245 -0.80891 -1.2449 -0.42571 -1.5418 -1.0177 -1.7266 0 0 1096
26.3238 19.2638 -1.4105 -1.0427 -1.6162 -1.2591 -0.28976 -2.2094 0 0 1097
25.8018 16.2415 -1.5933 1.0017 -2.6788 -2.258 -0.64632 -3.7026 0 0 1098
24.8426 18.2155 -0.92085 -0.36572 -2.913 0.16501 -3.2898 -1.9457 0 0 1099
28.5014 18.4367 -1.2656 -2.3324 -2.8166 -1.9271 -1.4681 -0.40924 0 0 1100
25.2843 18.1669 -0.14628 0.05548 -1.5486 -3.5821 -2.0656 -2.0522 0 0 1101
25.6897 19.4217 -1.3218 -1.8696 -1.9914 -1.4693 -3.5058 -0.97466 0 0 1102
26.3411 18.5835 -0.44272 -2.7787 -2.1583 -0.50724 -1.586 -0.8398 0 0 1103
26.765 18.4039 -3.0617 -0.63441 -0.57945 -2.9382 -1.3708 -3.0613 0 0 1104
27.0131 17.1676 -1.4936 -3.9907 -1.5972 -1.1994 -2.5105 0.3738 0 0 1105
23.9994 17.9571 0.0027471 -2.7198 -1.5389 -3.2899 -2.6951 -3.2239 0 0 1106
24.7567 19.5551 -0.15239 -2.1293 -2.4824 -3.4579 -1.91 -1.5848 0 0 1107
27.6742 15.8638 -0.30081 -1.5632 -3.052 -0.93273 0.41327 -4.0481 0 0 1108
28.5503 17.3858 -0.026357 -2.2222 -3.8186 -2.2258 -1.5937 -3.2211 0 0 1109
27.2748 17.2334 -2.0078 -2.4887 -1.5185 -2.1468 -0.62358 -0.85372 0 0 1110
26.3667 18.707 -1.8029 -1.8901 -3.6308 -2.4653 -0.61497 -5.7001 0 0 1111
25.1394 17.5927 -1.4155 -1.3895 -2.1039 -0.5472 -1.1135 -2.3267 0 0 1112
25.9992 19.3646 -1.9594 -1.0104 -2.6846 -2.1169 -1.112 -2.4853 0 0 1113
26.6802 18.3707 -1.5859 -2.1187 -0.26691 -2.1334 -0.90067 -0.28565 0 0 1114
26.663 18.8065 -2.8626 -0.021546 -3.2993 -2.1591 -0.73422 -0.63732 0 0 1115
25.7717 18.9233 -3.4471 -2.6767 -1.7456 -1.935 -0.64091 -3.0289 0 0 1116
26.0543 17.3541 -0.93185 0.45999 -2.4872 -1.0838 -3.1256 -1.03 0 0 1117
25.7595 17.7248 -1.61 -2.0515 -1.9141 -1.3873 -2.0676 -2.333 0 0 1118
26.7902 19.186 -2.1302 -2.0434 -3.6271 -1.4063 -1.2925 -0.9358 0 0 1119
27.4352 18.4307 -2.2588 -1.7262 -1.4139 -3.9844 -1.0438 -2.0076 0 0 1120
26.4998 18.7151 -0.23089 -2.2101 -0.69942 -2.4684 0.35831 -1.6291 0 0 1121
26.9284 19.1201 -0.91191 -1.6516 -2.0791 0.50297 -2.1347 -1.9433 0 0 1122
27.4031 19.8111 -0.43258 -0.50801 -2.1753 -3.1074 -2.5543 -3.1822 0 0 1123
28.0132 19.5517 -1.9696 -0.49912 -1.9483 -2.6973 -2.2862 -1.3856 0 0 1124
24.1038 19.0586 -1.5577 -1.2279 -0.82793 -1.2674 -1.1708 -2.3497 0 0 1125
24.3263 16.6723 -0.57747 -4.1251 -1.4959 -0.32803 -0.79186 -1.4151 0 0 1126
26.6718 17.9666 0.69102 -0.68331 -2.9379 -1.2353 -3.2294 -1.6654 0 0 1127
27.5553 19.663 -1.1062 -4.9553 -0.44132 -1.9335 -1.9437 -0.39869 0 0 1128
26.0103 20.0862 -1.1216 -4.1439 -3.0994 -1.9086 -1.4805 0.11926 0 0 1129
24.8141 20.2128 -1.1086 -2.6522 0.32167 -1.5605 -3.1373 1.143 0 0 1130
27.1307 17.7151 -2.812 -1.7034 -0.60155 -3.4363 -2.6146 -0.99884 0 0 1131
25.3802 17.5666 -2.1974 -0.054764 0.32159 -1.3296 -3.1663 -2.4167 0 0 1132
26.3455 19.5235 -0.14452 -2.126 -0.60735 -2.0752 -2.312 0.90451 0 0 1133
29.6531 17.6739 -2.4078 -0.65627 -0.82584 -1.2106 -3.7415 -2.3763 0 0 1134
26.8533 19.3164 -1.7325 -1.7607 -2.9441 -2.2083 -1.1841 -0.98025 0 0 1135
28.3658 17.7913 -2.9261 -1.8967 -0.69315 -4.0707 -1.1636 0.38713 0 0 1136
25.5155 18.7784 -1.1665 -1.266 0.51123 0.20094 -1.1321 -1.7966 0 0 1137
26.1949 18.0343 -1.3611 -1.5877 -0.39671 -2.7467 -2.6276 -2.0963 0 0 1138
29.5346 16.7589 -1.3356 -1.7659 -1.0466 0.76406 -2.1536 0.57654 0 0 1139
28.0023 16.7122 -1.7378 -3.5906 -1.2722 -3.6665 -0.88906 -1.832 0 0 1140
24.1965 17.8779 -0.16181 -1.3788 -0.7942 -2.6894 1.2935 -0.61041 0 0 1141
26.5944 20.067 -0.23037 -2.4309 -3.9454 0.10596 -1.1681 -3.0161 0 0 1142
26.2071 17.3647 -1.0619 1.5333 -1.0543 -1.0358 -0.42474 -0.20621 0 0 1143
27.1457 17.473 -2.9993 -0.6542 -1.4531 -1.7502 -0.69623 -0.083391 0 0 1144
27.2519 16.0983 -2.6539 -1.0934 -1.6642 -1.1094 -3.0642 -1.2496 0 0 1145
26.9964 17.1671 -1.8798 -2.0099 -1.1165 -0.58351 -1.2452 -1.7095 0 0 1146
28.3657 18.0666 -1.9849 -1.9119 -1.5833 -2.2539 -4.934 -3.1106 0 0 1147
26.1951 19.9545 -2.3652 -2.5228 -1.3529 -2.1793 -0.65137 -0.503 0 0 1148
26.5022 17.1148 -1.809 -0.81763 -1.7947 -0.90302 -2.6437 -0.84163 0 0 1149
26.6075 18.8941 0.34917 -1.4082 -2.7272 -2.845 -0.80226 -1.9747 0 0 1150
24.1702 18.0099 -2.2682 -2.3139 -1.9354 -0.92246 -0.52498 -0.35555 0 0 1151
24.8798 20.7056 -1.6235 -3.0234 -0.64982 0.13489 -1.7658 -0.67858 0 0 1152
27.2195 17.57 -3.1666 -2.3473 -2.5311 -1.0456 -3.4503 -1.6249 0 0 1153
27.6775 18.7375 -1.3098 -2.6081 -0.13929 -2.8356 -1.7245 -1.996 0 0 1154
22.8068 17.0081 -1.9012 -3.8059 0.24044 0.17066 -0.52418 -1.4798 0 0 1155
23.6492 16.8275 -3.5262 0.0092951 -1.2915 -3.3587 -0.7522 -2.2842 0 0 1156
26.5043 19.3789 -0.90464 -0.28665 -1.1572 -3.8604 -2.0263 -1.6935 0 0 1157
25.4145 19.7101 -4.3589 -1.3997 -2.0015 -3.0319 -0.52663 -1.9561 0 0 1158
26.1051 19.9344 -3.1376 -1.0843 -0.47897 -0.94817 -1.2867 -2.3801 0 0 1159
27.7475 18.3854 -1.7359 -0.97783 -0.48344 -2.2327 -2.1642 -0.94838 0 0 1160
25.7081 19.1179 -0.32882 -2.2202 -4.2832 -0.26141 -2.7525 -1.5118 0 0 1161
25.3303 18.1288 -3.3695 -2.6081 -0.93146 1.5029 0.29791 -1.9071 0 0 1162
28.7961 19.4028 -1.6291 -2.3012 -0.86227 -0.14527 -1.3506 -2.1925 0 0 1163
27.6028 18.59 -0.87242 -3.0534 -1.8145 -1.5296 -2.4095 -0.85588 0 0 1164
25.5335 19.9369 1.1936 -0.32271 -2.0989 -3.5377 -0.51705 -2.8054 0 0 1165
26.1758 20.0834 -2.2607 -1.4746 -2.7489 -0.72411 -0.29658 -0.15224 0 0 1166
27.7626 18.5565 -3.06 -2.6822 -0.65101 -3.8865 -1.1333 -0.81153 0 0 1167
25.8346 17.9806 0.33894 -2.797 -1.2787 -4.1728 -1.6323 -1.1504 0 0 1168
25.1483 18.376 -3.3419 -1.1906 -1.0603 -2.177 -0.054432 -1.5004 0 0 1169
26.7931 18.1598 -2.424 -0.57355 -1.268 -0.86075 -0.37234 -0.74291 0 0 1170
26.0515 16.4301 -0.41928 -2.5191 -1.1816 -1.0948 -1.8835 -2.7529 0 0 1171
25.7702 17.0414 -0.90424 -1.0905 0.82614 -0.7252 -1.0714 -1.2061 0 0 1172
24.1598 17.8405 -2.0972 -3.1253 -2.1211 -0.91868 -0.94516 -2.6999 0 0 1173
26.2491 19.5975 -1.8988 1.5322 -3.7594 -0.5492 -3.2745 -2.6256 0 0 1174
25.5343 18.6377 -4.1543 -1.2549 -1.5415 -2.8194 -2.4389 -0.32433 0 0 1175
25.574 17.9262 -1.7927 -1.2251 1.0649 -3.2367 -2.0885 -1.1235 0 0 1176
26.4404 17.9163 -3.8238 -0.15058 -2.4415 -1.0669 -1.6053 -2.0265 0 0 1177
27.5467 16.9129 -3.0142 -0.80579 -1.6127 -2.1479 -3.8683 -1.5828 0 0 1178
26.4248 17.8744 -1.1793 -1.8088 -1.1816 -2.1721 -2.5998 -1.7234 0 0 1179
27.0361 16.5964 -2.3183 -3.0385 1.2786 -1.4416 -2.292 -1.6919 0 0 1180
26.7391 17.6968 -2.7857 -2.5163 -0.27256 0.4086 -1.1323 -2.2391 0 0 1181
28.4226 20.5951 -0.99984 -2.7722 -1.7855 -1.929 -1.3606 -1.7717 0 0 1182
25.986 18.755 -2.0495 -1.0567 -0.97226 -0.68549 -1.183 -0.072368 0 0 1183
27.6335 16.4304 -1.5807 -2.6079 -1.3363 -2.2095 -2.4199 -1.3286 0 0 1184
25.923 18.1774 -2.4363 -1.0873 -1.696 0.49724 -1.1038 -0.53674 0 0 1185
26.7217 19.3094 -1.7289 -0.46456 -0.77489 -2.7722 0.026811 -1.346 0 0 1186
26.9937 18.6082 -1.8615 -0.52972 -2.7827 0.68922 -1.1291 -0.80244 0 0 1187
27.6818 16.7127 -2.4641 -0.74014 -0.24793 -2.5182 -1.9423 -0.69668 0 0 1188
25.8242 18.6838 -1.3802 -1.8414 -4.0909 -1.6341 -1.0549 -2.7438 0 0 1189
26.2432 17.218 -3.5193 -2.0466 -2.9471 -2.9257 -2.5676 -1.6159 0 0 1190
26.7546 18.6796 -0.12132 -2.4955 -1.9148 -3.3223 -1.3366 -0.074929 0 0 1191
26.6459 17.8115 -0.89419 -1.5504 -2.4799 -1.0177 -1.3461 -0.3699 0 0 1192
26.0194 18.4322 -1.9804 -2.7028 -2.1277 -2.8305 -3.701 -3.4774 0 0 1193
30.1063 21.7485 1.4519 0.86114 1.8926 2.363 2.2552 2.0802 0 0 1194
27.9468 22.2933 0.7062 1.3314 2.5335 0.14926 2.0771 3.3816 0 0 1195
29.9208 22.9423 0.23477 1.5223 2.368 0.32716 2.9294 1.1908 0 0 1196
28.7201 21.1777 0.58916 1.6205 2.3411 0.54771 0.6427 2.4231 0 0 1197
29.5158 19.7938 0.60284 2.4969 2.6416 2.9326 1.4375 1.4018 0 0 1198
30.7889 21.2703 2.5171 0.32103 0.49805 3.0933 3.4358 -0.011047 0 0 1199
30.6495 21.067 1.0239 1.7739 -0.14031 3.5504 2.3204 1.6813 0 0 1200
29.3442 21.2329 0.61417 2.1376 1.7481 2.1432 1.1805 2.1874 0 0 1201
29.5738 20.6079 1.4876 0.65348 1.7104 1.5049 1.425 1.5352 0 0 1202
28.6302 20.2645 3.5414 2.3451 2.6599 -0.36411 0.91811 2.3295 0 0 1203
29.9327 22.343 0.81225 1.2365 3.4417 2.2609 0.031134 2.6117 0 0 1204
27.6602 22.5136 3.0448 1.8536 1.1987 1.8456 2.6005 0.31235 0 0 1205
29.8621 21.0771 1.0681 0.15991 4.234 2.1612 1.1122 2.7462 0 0 1206
28.3573 22.8519 2.5372 1.8948 -0.076368 2.3189 1.6861 0.76835 0 0 1207
29.5999 22.1807 1.4766 2.3009 2.1922 0.76695 3.3675 2.2517 0 0 1208
28.5223 22.5517 0.20192 0.029756 1.0856 2.0371 0.7689 3.1467 0 0 1209
31.6952 20.8039 2.7242 1.773 2.869 0.51042 3.8689 0.81147 0 0 1210
28.3488 22.0738 1.758 1.1712 3.825 2.7695 2.6499 3.406 0 0 1211
29.0737 21.7043 2.2353 0.13643 0.26003 1.7033 2.1371 2.7027 0 0 1212
27.715 21.7681 0.8332 2.4106 3.4435 2.4622 1.9363 3.0494 0 0 1213
29.571 21.081 1.8376 1.0765 2.8021 4.2944 1.3482 2.0631 0 0 1214
28.3877 21.3368 2.0573 1.2777 0.75421 1.9258 0.69363 1.5489 0 0 1215
30.9574 20.5832 -1.0568 1.0585 3.2157 1.8119 0.80929 3.9602 0 0 1216
29.8017 20.6384 0.89149 2.4423 2.1403 0.48978 1.4683 1.1186 0 0 1217
29.6958 21.9982 1.5583 1.7621 2.5558 0.47282 -0.01029 1.3943 0 0 1218
29.4594 23.0995 0.72857 2.9552 2.1252 -0.37367 2.5825 1.5808 0 0 1219
29.7385 21.1352 2.6305 0.86694 1.2046 3.2249 1.5567 0.34686 0 0 1220
30.186 20.6735 3.6429 2.8099 0.6412 1.2699 3.1027 2.1009 0 0 1221
29.5576 19.7869 0.64878 3.5676 2.4534 1.6589 1.1549 1.7669 0 0 1222
30.8674 20.6075 1.7338 0.67882 0.14717 3.0929 3.0631 2.9893 0 0 1223
31.7067 21.8107 0.90219 2.728 1.3539 1.6939 1.2487 2.4526 0 0 1224
30.3378 22.3699 0.24594 2.0615 1.9154 3.3076 2.139 1.2252 0 0 1225
28.4105 20.504 1.3615 1.0606 -0.27895 2.0765 2.1122 1.6081 0 0 1226
28.5735 21.7434 1.3681 -0.79912 1.0711 2.0178 2.2382 2.3371 0 0 1227
32.205 20.2727 -0.44721 0.10355 0.88917 1.77 2.5821 2.1638 0 0 1228
31.431 19.4422 0.81163 3.8435 0.46874 1.8816 1.6055 2.6444 0 0 1229
28.3048 23.2735 2.1372 1.6641 1.7617 2.4639 2.7162 2.0263 0 0 1230
26.8264 21.1115 0.4491 2.5611 2.0319 0.2996 0.88726 0.64715 0 0 1231
29.8768 22.0487 1.3377 1.9412 2.94 1.2632 0.73344 1.0698 0 0 1232
27.865 22.3674 0.68056 2.0842 2.7483 0.86506 1.3484 1.0298 0 0 1233
28.2811 20.8 0.22703 2.9614 1.5231 1.5464 1.9183 3.9152 0 0 1234
30.2642 22.6649 2.2577 1.4081 0.86663 2.9803 0.92938 1.6224 0 0 1235
28.8196 22.779 0.60174 1.267 0.63364 1.8244 1.1474 3.6487 0 0 1236
29.5365 22.6161 -0.36754 2.2079 1.9939 0.53468 2.4205 2.2671 0 0 1237
30.9345 22.3361 3.4562 1.3926 0.96133 0.81985 1.4622 1.9042 0 0 1238
29.1925 20.5686 4.1807 2.4249 1.7514 1.5459 2.6259 2.5959 0 0 1239
29.7164 21.6638 2.9949 0.75905 0.92835 1.8788 2.3825 0.63417 0 0 1240
28.2732 19.5354 1.4402 3.0109 1.1161 2.8658 0.53703 1.1036 0 0 1241
30.0557 19.8536 2.3345 0.061182 0.99618 2.5247 1.7761 1.34 0 0 1242
31.3486 20.2375 0.87931 1.7273 2.826 1.9947 3.9 1.4645 0 0 1243
28.8461 23.6564 -0.35988 2.6413 1.1659 0.39668 0.78668 1.2981 0 0 1244
30.5423 21.949 4.0771 1.7536 0.35934 1.5866 1.1773 1.471 0 0 1245
28.3039 20.9884 1.3773 1.7012 1.6306 2.3289 0.89551 1.9712 0 0 1246
29.2098 21.0775 4.3671 1.7537 2.5177 0.98027 -0.13411 2.8891 0 0 1247
28.5099 20.7006 1.7928 1.3175 1.3864 1.2361 2.6853 0.30956 0 0 1248
29.7849 20.0333 2.3687 1.2829 1.9197 1.755 3.5236 0.88952 0 0 1249
30.85 21.6631 4.3163 4.1532 1.9243 1.2824 2.827 -0.24548 0 0 1250
29.2228 21.4119 2.0382 1.8324 1.3056 1.2983 1.7441 1.7791 0 0 1251
30.6966 21.8246 2.1868 1.4456 -0.4018 1.3526 1.637 2.1162 0 0 1252
26.0322 23.483 1.2396 0.94832 -0.91656 0.2306 1.1698 1.0801 0 0 1253
27.8375 21.744 1.4387 3.6342 1.7948 0.84979 -0.032753 1.4139 0 0 1254
28.9239 20.9838 1.6835 2.8799 2.5639 1.5148 0.61746 3.1452 0 0 1255
30.3019 23.4642 0.29311 2.9163 2.4865 1.9838 3.2406 1.4061 0 0 1256
30.8128 21.6718 0.16678 4.0369 0.69085 3.6958 2.3473 1.6438 0 0 1257
27.6689 22.2097 0.33432 1.6562 3.4447 -1.5257 0.16244 1.6233 0 0 1258
29.8504 20.9549 2.4599 3.9318 2.9971 2.8061 2.0615 0.48247 0 0 1259
27.6151 22.0077 1.3986 1.6365 1.8578 2.5058 2.765 2.6056 0 0 1260
29.051 20.2366 1.7684 1.122 1.2182 -0.028895 2.2381 2.4314 0 0 1261
29.571 21.649 -0.14625 0.40971 -0.47772 1.5679 0.15138 0.86674 0 0 1262
27.2312 22.8635 2.3574 0.46241 1.7079 1.2366 1.9927 1.8822 0 0 1263
29.8549 20.6028 1.5267 1.5526 1.5996 2.2664 -0.4489 3.0398 0 0 1264
30.3085 20.4343 1.3818 0.82669 2.1609 1.1987 1.3953 1.4494 0 0 1265
29.3657 20.5857 -0.0034048 1.5292 1.8307 0.32608 2.6381 1.6576 0 0 1266
31.2911 21.4712 1.642 3.1937 3.0224 1.6647 1.8933 3.2138 0 0 1267
29.4459 21.359 2.7049 1.9431 -0.072276 1.7288 -0.02019 1.1979 0 0 1268
31.1156 20.3645 2.2698 2.5442 2.4863 1.3136 2.0203 1.977 0 0 1269
29.8871 23.8886 1.9172 2.356 -0.10509 1.301 1.0264 1.3796 0 0 1270
31.464 22.4104 2.09 2.7795 3.3902 0.81039 1.9729 2.0515 0 0 1271
28.8669 21.8169 3.8744 -0.061132 1.3188 2.3038 1.1383 -0.25172 0 0 1272
30.4799 20.9386 3.9556 2.7448 1.6087 0.90982 0.27727 2.2872 0 0 1273
28.7419 22.3266 0.85419 0.84204 0.92255 3.2448 1.6927 3.2306 0 0 1274
30.1238 21.9881 0.40117 1.0957 1.0027 -0.18666 1.0639 2.3494 0 0 1275
28.6619 21.468 2.1538 0.51152 1.2806 1.1295 1.2532 -1.1599 0 0 1276
32.0503 19.8798 1.6831 2.3182 0.14299 2.8358 0.39501 -0.13403 0 0 1277
28.7064 20.5874 0.39472 2.6642 0.94367 1.1324 0.25457 1.629 0 0 1278
28.9919 20.1048 1.8872 1.6789 1.5245 1.9461 -0.13892 1.6939 0 0 1279
29.6103 21.2417 3.4824 2.171 0.015435 0.611 0.61391 1.4225 0 0 1280
29.1966 21.5884 0.63052 2.3467 0.18494 2.1081 3.299 1.5082 0 0 1281
28.3021 21.6651 -0.28702 2.4643 2.9425 1.337 0.62054 0.90409 0 0 1282
28.69 20.4612 2.7387 3.2069 1.1625 0.19821 2.4502 0.2263 0 0 1283
30.0684 19.9124 2.853 1.5496 3.6474 1.2895 2.0213 3.2995 0 0 1284
29.9752 21.8419 1.9007 2.2721 2.2136 -0.23134 1.2992 1.5009 0 0 1285
30.7148 25.0536 0.91914 2.1247 1.161 2.3794 1.5643 1.7835 0 0 1286
29.9507 23.6523 4.7083 1.9021 -0.46789 2.0307 0.94785 2.3723 0 0 1287
31.3904 23.4724 5.211 3.6853 1.889 0.6646 2.6131 -0.83399 0 0 1288
30.171 21.7329 2.6557 1.7949 1.2708 2.3568 -0.29486 1.975 0 0 1289
30.7017 21.7723 1.4587 1.1458 1.0125 1.1907 4.6554 0.71387 0 0 1290
29.0071 22.0003 -0.9312 1.3629 0.070875 -0.62292 1.3399 3.5345 0 0 1291
30.0625 22.0648 2.8439 0.72686 2.3652 2.8604 1.2549 3.5534 0 0 1292
30.0409 21.3713 1.8416 2.8566 0.76857 2.6156 2.2546 2.7323 0 0 1293
29.8346 22.936 2.4952 0.11896 0.9153 1.3926 0.23359 2.1654 0 0 1294
31.214 22.011 0.63568 2.484 2.8145 0.83363 2.2371 1.352 0 0 1295
31.5203 22.4013 2.1877 3.3991 1.8665 2.7878 0.39991 2.4049 0 0 1296
30.1239 22.0597 -0.55628 1.8871 1.5676 1.1963 2.2554 3.0836 0 0 1297
31.1359 20.1279 2.204 1.9524 -0.15978 1.2153 1.7993 2.5261 0 0 1298
30.6079 21.8663 0.71785 0.95959 0.66667 1.678 1.1513 -0.28366 0 0 1299
30.209 20.4029 2.2853 0.94324 1.4568 0.46948 2.3154 1.9758 0 0 1300
29.7705 21.6835 1.3146 2.0283 -0.026746 1.4502 4.2254 0.89717 0 0 1301
30.5287 20.721 1.6127 0.97187 1.6004 -0.47984 0.38189 2.3508 0 0 1302
30.4053 22.6159 0.7032 0.69515 0.88912 0.82936 0.74312 0.72265 0 0 1303
30.747 22.1835 2.1108 2.2703 2.4339 1.6007 1.2872 1.6787 0 0 1304
30.6032 21.1331 1.8834 0.15419 2.0461 2.1784 1.6508 2.1059 0 0 1305
28.0479 23.8446 2.8211 0.44124 1.4731 2.0135 -0.18252 1.9875 0 0 1306
28.1343 21.9408 1.1813 1.4451 2.8249 0.08896 0.29837 1.6471 0 0 1307
29.1767 21.2687 0.82924 0.81421 2.6657 2.4197 2.4996 0.56065 0 0 1308
29.3542 22.811 0.54724 0.89269 1.7422 0.61148 1.6212 -0.1295 0 0 1309
29.4235 22.1447 3.1124 1.635 3.9984 2.3463 1.8391 0.96967 0 0 1310
28.6171 19.5431 2.5843 0.97566 0.43794 0.87451 3.6239 1.12 0 0 1311
28.1244 21.7252 3.0598 -0.35877 1.4588 2.0594 2.0223 1.1965 0 0 1312
29.1869 22.7969 0.60359 3.176 1.2416 2.6674 2.5294 2.2896 0 0 1313
30.7943 22.5486 0.17684 2.0005 2.2995 1.4246 1.1887 1.1828 0 0 1314
29.4292 21.6113 1.3977 1.5873 0.98659 3.1217 0.79112 -0.63907 0 0 1315
30.4632 21.7942 3.8247 2.0791 4.5081 1.2967 1.9652 1.9072 0 0 1316
29.8005 21.9303 1.5784 2.1698 3.8214 3.479 2.171 4.5639 0 0 1317
28.7435 21.1001 2.8192 1.8263 3.5513 1.9551 2.1801 1.5324 0 0 1318
31.237 18.8774 1.4828 3.5402 1.0768 1.4463 2.9523 1.0573 0 0 1319
29.1609 21.4674 0.93407 1.9345 1.7242 3.5741 2.527 1.1467 0 0 1320
32.0357 21.2473 1.1647 2.3001 0.26631 1.8876 1.1063 2.6086 0 0 1321
27.4927 22.2098 3.0847 2.5683 1.1783 1.2124 2.1186 2.7726 0 0 1322
26.2691 21.9448 4.1963 0.25007 1.585 1.4634 2.7029 2.8091 0 0 1323
32.2222 21.5933 3.3088 1.4014 3.8601 1.098 -0.36677 0.76424 0 0 1324
30.4962 24.6824 1.9277 1.8378 -0.57324 3.3345 0.37728 1.8767 0 0 1325
31.4058 20.5034 1.1435 0.70656 0.94371 1.4044 1.5171 0.035824 0 0 1326
29.1724 22.145 -0.36563 -0.59012 -0.42885 1.5426 1.894 2.7105 0 0 1327
28.8227 22.8299 -0.32085 2.2379 2.6403 1.2238 2.9777 1.5636 0 0 1328
30.2011 23.2589 2.0208 -0.27142 1.2293 3.2351 2.7834 1.2655 0 0 1329
29.4687 20.9004 1.253 1.063 -0.99726 2.4985 3.4631 0.94233 0 0 1330
29.4062 24.318 1.2496 1.4421 1.7948 1.7134 0.57486 1.4384 0 0 1331
30.8777 21.6548 1.6101 0.42454 2.6731 2.1542 2.314 2.0044 0 0 1332
29.2881 21.4785 1.9225 0.50013 2.7975 4.0561 1.9225 -0.61753 0 0 1333
29.0129 21.6713 1.4215 2.761 1.7049 2.2941 1.5785 0.41965 0 0 1334
29.5461 21.9437 1.7626 -0.34239 2.3223 2.7981 3.6272 -1.4253 0 0 1335
31.159 20.8449 1.1068 3.04 2.4729 1.3737 1.0515 0.69514 0 0 1336
27.8402 19.3186 0.98962 0.97522 1.6367 2.0087 1.0743 1.6936 0 0 1337
31.6478 22.5551 0.31049 3.8954 2.8994 1.6659 2.1573 1.5008 0 0 1338
29.1453 22.1315 1.1949 2.4959 0.65953 1.2261 2.7723 1.4629 0 0 1339
29.3715 22.4466 3.9759 1.7479 0.58326 3.3089 -0.61063 2.4366 0 0 1340
28.8835 22.5301 0.81769 0.95341 1.2118 0.65712 2.3179 1.2458 0 0 1341
29.213 20.4417 1.5045 3.1494 0.35737 1.6938 0.9853 0.82663 0 0 1342
28.7345 22.0868 0.12704 0.31685 1.5103 2.4748 0.29771 2.4189 0 0 1343
31.3484 21.8037 1.798 1.7058 0.93957 1.4213 2.378 -0.65664 0 0 1344
29.9263 21.5814 1.89 2.1177 4.3636 1.9137 1.2169 -0.063276 0 0 1345
29.9866 20.8298 2.1514 2.1038 1.7654 0.80345 1.4948 2.6022 0 0 1346
29.4868 19.3241 1.5911 0.88578 2.3555 2.1027 0.7344 1.7564 0 0 1347
29.2925 22.1916 0.60518 0.62625 2.9366 2.495 1.1671 -0.1824 0 0 1348
29.6634 20.9532 1.23 -1.3405 3.1855 0.98216 3.2876 3.6915 0 0 1349
28.9996 21.4008 2.2177 1.0893 0.33746 3.126 2.6669 2.965 0 0 1350
29.2615 22.5235 1.4582 2.7506 1.7699 -0.14484 3.1175 2.8697 0 0 1351
31.4184 20.7761 2.3124 2.1042 4.2989 1.6398 3.3325 1.4808 0 0 1352
27.6542 23.612 2.0005 1.2321 1.1824 1.7126 2.2155 2.3046 0 0 1353
30.0726 22.4147 2.0233 2.2391 1.8411 0.12831 2.3561 0.54129 0 0 1354
28.0677 23.3191 0.30096 0.37743 1.8863 1.9696 1.1599 0.69569 0 0 1355
28.3878 20.7477 -1.1092 3.4862 0.22031 1.879 0.37367 1.0756 0 0 1356
27.4379 21.7314 1.065 -0.23206 4.1131 2.2987 2.1844 2.6805 0 0 1357
29.2513 24.4586 2.7191 0.94396 0.24452 2.7559 2.5625 2.0984 0 0 1358
29.7306 21.7402 2.5299 -0.38971 2.8106 0.61188 1.0115 1.3722 0 0 1359
30.5721 23.2102 1.9028 -0.94419 0.75913 -0.8696 1.1861 1.7352 0 0 1360
31.2967 20.9809 1.7141 1.5625 1.3331 3.6802 1.1642 2.5903 0 0 1361
28.5323 20.1111 2.5776 0.48018 0.35982 2.1151 0.12181 2.484 0 0 1362
28.3426 24.1794 0.33245 1.0587 2.1437 2.0383 1.6182 -0.42349 0 0 1363
29.2216 23.4489 4.1297 2.7028 1.7389 1.5377 1.1344 0.3867 0 0 1364
