$TYPE vec
$XDIM 1209
$YDIM 1
$VEC_DIM 10
-1.4583 -1.0493 -1.0039 0 0 0 0 0 0 0 1
-1.0141 -0.87818 -1.4392 0 0 0 0 0 0 0 2
-0.99769 -1.067 -0.47775 0 0 0 0 0 0 0 3
-0.73391 -1.0251 -0.69833 0 0 0 0 0 0 0 4
-0.74488 -0.50959 -1.6457 0 0 0 0 0 0 0 5
-1.49 -1.089 -1.258 0 0 0 0 0 0 0 6
-1.1056 -0.80606 -1.4406 0 0 0 0 0 0 0 7
-1.0081 -0.81554 -1.4591 0 0 0 0 0 0 0 8
-1.1836 -0.96481 -0.86026 0 0 0 0 0 0 0 9
-0.47833 -1.142 -0.94189 0 0 0 0 0 0 0 10
-1.1627 -1.1193 -0.82784 0 0 0 0 0 0 0 11
-0.63258 -0.78144 -0.60592 0 0 0 0 0 0 0 12
-0.79168 -0.097915 -0.71761 0 0 0 0 0 0 0 13
-0.85144 -1.0633 -1.2259 0 0 0 0 0 0 0 14
-0.93897 -0.527 -0.74715 0 0 0 0 0 0 0 15
-0.43001 -1.3438 -1.1888 0 0 0 0 0 0 0 16
-0.78115 -0.65301 -1.2161 0 0 0 0 0 0 0 17
-0.8011 -1.0428 -1.1533 0 0 0 0 0 0 0 18
-0.96825 -0.71807 -1.0593 0 0 0 0 0 0 0 19
-0.77615 -1.0512 -1.2595 0 0 0 0 0 0 0 20
-0.95961 -0.72426 -0.94226 0 0 0 0 0 0 0 21
-0.47093 -1.0096 -1.1012 0 0 0 0 0 0 0 22
-1.0722 -0.82889 -1.3221 0 0 0 0 0 0 0 23
-1.4014 -0.75867 -0.34183 0 0 0 0 0 0 0 24
-1.081 -0.97533 -0.99411 0 0 0 0 0 0 0 25
-0.91622 -0.91523 -0.69061 0 0 0 0 0 0 0 26
-0.78004 -0.96069 -1.698 0 0 0 0 0 0 0 27
-1.187 -0.33256 -1.2004 0 0 0 0 0 0 0 28
-1.0016 -1.2709 -1.0185 0 0 0 0 0 0 0 29
-0.68594 -0.98598 -0.90336 0 0 0 0 0 0 0 30
-0.36782 -0.71151 -1.1135 0 0 0 0 0 0 0 31
-1.0608 -0.53748 -0.84634 0 0 0 0 0 0 0 32
-0.71764 -1.0902 -1.6919 0 0 0 0 0 0 0 33
-1.1229 -0.53448 -1.2917 0 0 0 0 0 0 0 34
-1.0967 -0.85397 -0.97431 0 0 0 0 0 0 0 35
-0.90129 -0.61046 -1.0619 0 0 0 0 0 0 0 36
-1.342 -0.46545 -0.88473 0 0 0 0 0 0 0 37
-0.80624 -0.75089 -0.76924 0 0 0 0 0 0 0 38
-0.85866 -0.88065 -1.1444 0 0 0 0 0 0 0 39
-0.90148 -0.79083 -0.93142 0 0 0 0 0 0 0 40
-1.002 -0.63968 -0.62145 0 0 0 0 0 0 0 41
-0.6638 -0.49979 -0.59225 0 0 0 0 0 0 0 42
-1.0981 -1.0133 -0.77585 0 0 0 0 0 0 0 43
-0.68828 -1.2799 -1.185 0 0 0 0 0 0 0 44
-0.7551 -0.3763 -0.90839 0 0 0 0 0 0 0 45
-0.57255 -1.0145 -1.0137 0 0 0 0 0 0 0 46
-1.0992 -1.197 -1.1959 0 0 0 0 0 0 0 47
-1.2254 -0.66705 -0.77856 0 0 0 0 0 0 0 48
-0.99025 -1.014 -0.87605 0 0 0 0 0 0 0 49
-1.2753 -1.0007 -0.37656 0 0 0 0 0 0 0 50
-0.84975 -0.79031 -1.7054 0 0 0 0 0 0 0 51
-1.1915 -1.6226 -1.079 0 0 0 0 0 0 0 52
-1.505 -0.80483 -1.1584 0 0 0 0 0 0 0 53
-0.73127 -0.81441 -0.58084 0 0 0 0 0 0 0 54
-0.80041 -1.0452 -0.46244 0 0 0 0 0 0 0 55
-0.86202 -0.95258 -1.0008 0 0 0 0 0 0 0 56
-0.98701 -0.77925 -0.26216 0 0 0 0 0 0 0 57
-0.84384 -0.29134 -0.91993 0 0 0 0 0 0 0 58
-1.0543 -1.1564 -0.66959 0 0 0 0 0 0 0 59
-0.90922 -0.87102 -0.49096 0 0 0 0 0 0 0 60
-0.72445 -1.1414 -0.97497 0 0 0 0 0 0 0 61
-1.3296 -0.30112 -1.1855 0 0 0 0 0 0 0 62
-1.3663 -1.173 -0.836 0 0 0 0 0 0 0 63
-0.54849 -1.0076 -0.92949 0 0 0 0 0 0 0 64
-1.5323 -0.57193 -0.88061 0 0 0 0 0 0 0 65
-0.6153 -0.72319 -1.1675 0 0 0 0 0 0 0 66
-0.98355 -0.84508 -0.92218 0 0 0 0 0 0 0 67
-0.88231 -1.24 -0.91042 0 0 0 0 0 0 0 68
-0.60801 -1.1995 -0.99372 0 0 0 0 0 0 0 69
-0.95312 -1.5435 -1.4667 0 0 0 0 0 0 0 70
-1.1574 -0.65915 -0.95466 0 0 0 0 0 0 0 71
-0.75591 -1.0476 -1.2588 0 0 0 0 0 0 0 72
-0.92672 -1.2899 -0.4856 0 0 0 0 0 0 0 73
-0.84977 -1.269 -1.0769 0 0 0 0 0 0 0 74
-0.56347 -0.55435 -0.5293 0 0 0 0 0 0 0 75
-0.6006 -0.50981 -1.2981 0 0 0 0 0 0 0 76
-0.98299 -1.5581 -0.14964 0 0 0 0 0 0 0 77
-0.34195 -1.1881 -0.72915 0 0 0 0 0 0 0 78
-0.23322 -0.87504 -0.61561 0 0 0 0 0 0 0 79
-0.63985 -1.2423 -1.342 0 0 0 0 0 0 0 80
-1.0809 -1.0355 -1.3714 0 0 0 0 0 0 0 81
-0.54979 -0.97728 -1.3041 0 0 0 0 0 0 0 82
-1.248 -0.4121 -1.0139 0 0 0 0 0 0 0 83
-0.65801 -0.73987 -1.4269 0 0 0 0 0 0 0 84
-0.98212 -0.93343 -0.38664 0 0 0 0 0 0 0 85
-0.92364 -0.96236 -0.75373 0 0 0 0 0 0 0 86
-1.2588 -0.92574 -1.1549 0 0 0 0 0 0 0 87
-1.2741 -1.3419 -0.1561 0 0 0 0 0 0 0 88
-0.53983 -1.0523 -1.0555 0 0 0 0 0 0 0 89
-0.7252 -1.1341 -0.91893 0 0 0 0 0 0 0 90
-1.1019 -1.2991 -0.58545 0 0 0 0 0 0 0 91
-1.3695 -1.2145 -0.97633 0 0 0 0 0 0 0 92
-1.4805 -0.81157 -1.2386 0 0 0 0 0 0 0 93
-1.4105 -0.11413 -1.0092 0 0 0 0 0 0 0 94
-0.93736 -0.72576 -1.4073 0 0 0 0 0 0 0 95
-0.41498 -1.2235 -1.4606 0 0 0 0 0 0 0 96
-0.7784 -0.99504 -1.1046 0 0 0 0 0 0 0 97
-1.1349 -0.44726 -0.64008 0 0 0 0 0 0 0 98
-0.36316 -1.0399 -1.3888 0 0 0 0 0 0 0 99
-0.85098 -1.2462 -0.91044 0 0 0 0 0 0 0 100
-1.1297 -1.2965 -0.93907 0 0 0 0 0 0 0 101
-0.95314 -0.89235 -1.8539 0 0 0 0 0 0 0 102
-1.0203 -0.97809 -1.1992 0 0 0 0 0 0 0 103
-0.55829 -0.15509 -1.4831 0 0 0 0 0 0 0 104
-0.65658 -0.84532 -1.292 0 0 0 0 0 0 0 105
-1.1695 -0.84143 -0.85617 0 0 0 0 0 0 0 106
-1.2217 -1.5478 -1.1523 0 0 0 0 0 0 0 107
-1.0037 -1.5326 -1.1673 0 0 0 0 0 0 0 108
-1.0018 -0.96891 -1.2587 0 0 0 0 0 0 0 109
-0.68618 -0.50186 -1.0148 0 0 0 0 0 0 0 110
-1.5537 -0.74027 -1.4195 0 0 0 0 0 0 0 111
-0.69666 -0.85093 -0.84888 0 0 0 0 0 0 0 112
-0.36069 -1.418 -1.2645 0 0 0 0 0 0 0 113
-0.91384 -0.66688 -1.0079 0 0 0 0 0 0 0 114
-1.2674 -0.88805 -0.53657 0 0 0 0 0 0 0 115
-0.77624 -1.4785 -0.88654 0 0 0 0 0 0 0 116
-0.96499 -0.86136 -1.0404 0 0 0 0 0 0 0 117
-0.82995 -0.75944 -0.73883 0 0 0 0 0 0 0 118
-1.2814 -0.63551 -1.3683 0 0 0 0 0 0 0 119
-0.81271 -0.55807 -1.5107 0 0 0 0 0 0 0 120
-0.5377 -0.2378 -0.34783 0 0 0 0 0 0 0 121
-1.1137 -0.96872 -0.64954 0 0 0 0 0 0 0 122
-0.9887 -1.2855 -1.0923 0 0 0 0 0 0 0 123
-1.0638 -0.63534 -0.68864 0 0 0 0 0 0 0 124
-0.37895 -0.78446 -1.303 0 0 0 0 0 0 0 125
-1.0926 -1.1209 -0.47418 0 0 0 0 0 0 0 126
-0.89641 -0.46435 -1.2345 0 0 0 0 0 0 0 127
-1.2557 -0.97805 -0.83595 0 0 0 0 0 0 0 128
-0.37088 -1.1699 -0.62167 0 0 0 0 0 0 0 129
-1.1864 -0.94041 -0.75021 0 0 0 0 0 0 0 130
-0.77176 -1.0244 -0.35253 0 0 0 0 0 0 0 131
-0.99047 -0.27853 -0.41442 0 0 0 0 0 0 0 132
-1.3192 -0.68252 -0.62101 0 0 0 0 0 0 0 133
-0.61244 -1.3701 -0.30782 0 0 0 0 0 0 0 134
-0.54385 -1.2867 -0.77394 0 0 0 0 0 0 0 135
-0.84197 -0.76352 -1.0427 0 0 0 0 0 0 0 136
-1.2123 -0.066976 -1.071 0 0 0 0 0 0 0 137
-0.93072 -1.0061 -1.3424 0 0 0 0 0 0 0 138
-1.1752 -0.93794 -1.1321 0 0 0 0 0 0 0 139
-0.97081 -1.0224 -1.0555 0 0 0 0 0 0 0 140
-0.6564 -0.15119 -0.94392 0 0 0 0 0 0 0 141
-1.1951 -0.8455 -1.4264 0 0 0 0 0 0 0 142
-1.1364 -1.3652 -0.75258 0 0 0 0 0 0 0 143
-1.5004 -1.3056 -1.1382 0 0 0 0 0 0 0 144
-1.4395 -0.70662 -0.52616 0 0 0 0 0 0 0 145
-0.99077 -1.2782 -0.46271 0 0 0 0 0 0 0 146
-1.529 -0.78235 -0.34931 0 0 0 0 0 0 0 147
-0.89137 -1.1013 -1.3202 0 0 0 0 0 0 0 148
-0.55624 -1.2483 -0.83591 0 0 0 0 0 0 0 149
-1.2911 -0.71396 -0.78905 0 0 0 0 0 0 0 150
-1.446 -1.1371 0.42057 0 0 0 0 0 0 0 151
-0.32901 -0.94465 -0.86635 0 0 0 0 0 0 0 152
-1.3344 -0.8012 -0.72727 0 0 0 0 0 0 0 153
-1.3012 -0.85638 -0.68089 0 0 0 0 0 0 0 154
-1.0438 -1.0061 -1.3439 0 0 0 0 0 0 0 155
-0.87921 -0.96915 -1.3666 0 0 0 0 0 0 0 156
-0.82341 -1.3362 -1.0315 0 0 0 0 0 0 0 157
-0.75708 -0.79824 -1.0232 0 0 0 0 0 0 0 158
-0.5245 -1.3338 -1.0519 0 0 0 0 0 0 0 159
-1.2582 -0.57967 -0.71559 0 0 0 0 0 0 0 160
-0.84387 -0.57999 -1.2565 0 0 0 0 0 0 0 161
-0.45503 -0.86163 -0.068198 0 0 0 0 0 0 0 162
-1.672 -0.96603 -1.2858 0 0 0 0 0 0 0 163
-0.75673 -1.4334 -0.5135 0 0 0 0 0 0 0 164
-0.61427 -1.0395 -1.4368 0 0 0 0 0 0 0 165
-1.1281 -1.0108 -1.3619 0 0 0 0 0 0 0 166
-0.83774 -1.0215 -1.0745 0 0 0 0 0 0 0 167
-0.67412 -0.95278 -0.32273 0 0 0 0 0 0 0 168
-1.1269 -1.0056 -1.1815 0 0 0 0 0 0 0 169
-0.66988 -1.1606 -0.89002 0 0 0 0 0 0 0 170
-1.3034 -1.1548 -0.95777 0 0 0 0 0 0 0 171
-1.3587 -1.39 -0.70292 0 0 0 0 0 0 0 172
-0.64563 -0.81437 -0.44366 0 0 0 0 0 0 0 173
-1.092 -0.52201 -0.8321 0 0 0 0 0 0 0 174
-0.91247 -0.80465 -0.96674 0 0 0 0 0 0 0 175
-0.92097 -0.60462 -0.97116 0 0 0 0 0 0 0 176
-1.209 -0.82195 -1.3823 0 0 0 0 0 0 0 177
-1.4129 -0.5801 -1.0134 0 0 0 0 0 0 0 178
-0.72164 -0.95769 -1.7188 0 0 0 0 0 0 0 179
-0.71242 -1.3909 -0.33615 0 0 0 0 0 0 0 180
-0.46565 -0.96052 -1.0174 0 0 0 0 0 0 0 181
-0.43854 -1.4434 -1.005 0 0 0 0 0 0 0 182
-0.36982 -0.59764 -0.9836 0 0 0 0 0 0 0 183
-0.56452 -0.72753 -1.8872 0 0 0 0 0 0 0 184
-0.99792 -1.3053 -0.52473 0 0 0 0 0 0 0 185
-1.1197 -0.69453 -0.93725 0 0 0 0 0 0 0 186
-0.82087 -1.1268 -1.0412 0 0 0 0 0 0 0 187
-1.383 -1.456 -0.78883 0 0 0 0 0 0 0 188
-0.32003 -0.94629 -0.8334 0 0 0 0 0 0 0 189
-0.77341 -1.0675 -0.72176 0 0 0 0 0 0 0 190
-1.0374 -1.0589 -1.3665 0 0 0 0 0 0 0 191
-0.35209 -0.84336 -1.3714 0 0 0 0 0 0 0 192
-0.4998 -0.72752 -1.0836 0 0 0 0 0 0 0 193
-0.64892 -1.1635 -1.0104 0 0 0 0 0 0 0 194
-1.322 -1.3452 -1.0549 0 0 0 0 0 0 0 195
-0.91219 -1.0223 -1.1427 0 0 0 0 0 0 0 196
-1.0099 -1.2195 -1.1666 0 0 0 0 0 0 0 197
-0.9319 -1.2945 -0.86366 0 0 0 0 0 0 0 198
-1.1391 -0.81978 -0.80912 0 0 0 0 0 0 0 199
-1.4351 -1.3463 -1.3737 0 0 0 0 0 0 0 200
-0.84536 -1.0994 -0.92232 0 0 0 0 0 0 0 201
0.49876 1.536 0.99186 0 0 0 0 0 0 0 202
0.61348 1.6523 0.96784 0 0 0 0 0 0 0 203
0.55711 1.4111 0.90425 0 0 0 0 0 0 0 204
0.71011 1.5147 0.75796 0 0 0 0 0 0 0 205
0.60566 1.5395 1.068 0 0 0 0 0 0 0 206
0.60988 1.4299 0.97736 0 0 0 0 0 0 0 207
0.72111 1.4237 0.99093 0 0 0 0 0 0 0 208
0.76392 1.4892 0.73165 0 0 0 0 0 0 0 209
0.41223 1.2878 0.93621 0 0 0 0 0 0 0 210
0.63077 1.3578 0.89667 0 0 0 0 0 0 0 211
0.67314 1.4136 0.7848 0 0 0 0 0 0 0 212
0.67275 1.4292 0.92267 0 0 0 0 0 0 0 213
0.45842 1.5464 0.91157 0 0 0 0 0 0 0 214
0.54467 1.3756 0.85422 0 0 0 0 0 0 0 215
0.66093 1.4163 1.0958 0 0 0 0 0 0 0 216
0.59383 1.3612 0.81586 0 0 0 0 0 0 0 217
0.44187 1.4867 1.0328 0 0 0 0 0 0 0 218
0.60197 1.3712 1.0366 0 0 0 0 0 0 0 219
0.60677 1.5662 0.87017 0 0 0 0 0 0 0 220
0.62047 1.4521 0.77946 0 0 0 0 0 0 0 221
0.81076 1.6042 1.115 0 0 0 0 0 0 0 222
0.62473 1.2232 0.7973 0 0 0 0 0 0 0 223
0.6315 1.4265 1.0807 0 0 0 0 0 0 0 224
0.78365 1.4811 0.93294 0 0 0 0 0 0 0 225
0.72545 1.4034 0.94762 0 0 0 0 0 0 0 226
0.71564 1.4444 0.97023 0 0 0 0 0 0 0 227
0.58005 1.4604 0.98335 0 0 0 0 0 0 0 228
0.4742 1.4035 1.0122 0 0 0 0 0 0 0 229
0.70163 1.3835 1.101 0 0 0 0 0 0 0 230
0.5475 1.3263 1.0386 0 0 0 0 0 0 0 231
0.43667 1.3229 1.0109 0 0 0 0 0 0 0 232
0.84414 1.5527 0.94765 0 0 0 0 0 0 0 233
0.58545 1.5253 1.0653 0 0 0 0 0 0 0 234
0.72757 1.4201 0.89933 0 0 0 0 0 0 0 235
0.65071 1.4918 1.1078 0 0 0 0 0 0 0 236
0.55805 1.2494 0.89439 0 0 0 0 0 0 0 237
0.68875 1.4822 0.94198 0 0 0 0 0 0 0 238
0.66496 1.5045 0.98861 0 0 0 0 0 0 0 239
0.49408 1.3889 0.86624 0 0 0 0 0 0 0 240
0.63456 1.5114 1.0362 0 0 0 0 0 0 0 241
0.6418 1.3606 0.93942 0 0 0 0 0 0 0 242
0.34749 1.3353 1.0754 0 0 0 0 0 0 0 243
0.79229 1.5365 1.003 0 0 0 0 0 0 0 244
0.75857 1.3956 0.88526 0 0 0 0 0 0 0 245
0.72766 1.4453 0.91934 0 0 0 0 0 0 0 246
0.85735 1.3589 0.82846 0 0 0 0 0 0 0 247
0.61351 1.4285 0.91012 0 0 0 0 0 0 0 248
0.73047 1.3288 1.0464 0 0 0 0 0 0 0 249
0.62757 1.5098 1.0628 0 0 0 0 0 0 0 250
0.56585 1.3369 0.99547 0 0 0 0 0 0 0 251
0.68618 1.3705 1.0585 0 0 0 0 0 0 0 252
0.61994 1.5409 1.0245 0 0 0 0 0 0 0 253
0.4107 1.5486 0.96037 0 0 0 0 0 0 0 254
0.664 1.5321 0.84929 0 0 0 0 0 0 0 255
0.6241 1.4054 0.85705 0 0 0 0 0 0 0 256
0.60137 1.4508 0.86541 0 0 0 0 0 0 0 257
0.52308 1.528 1.0753 0 0 0 0 0 0 0 258
0.68585 1.6406 0.85873 0 0 0 0 0 0 0 259
0.4494 1.3041 0.89874 0 0 0 0 0 0 0 260
0.53348 1.5032 0.89161 0 0 0 0 0 0 0 261
0.62002 1.5428 0.8548 0 0 0 0 0 0 0 262
0.68791 1.595 0.97175 0 0 0 0 0 0 0 263
0.70334 1.2343 0.96641 0 0 0 0 0 0 0 264
0.69146 1.3105 1.0038 0 0 0 0 0 0 0 265
0.65387 1.5216 0.88039 0 0 0 0 0 0 0 266
0.61995 1.3669 0.98878 0 0 0 0 0 0 0 267
0.51469 1.452 0.97392 0 0 0 0 0 0 0 268
0.5871 0.57828 0.89815 0 0 0 0 0 0 0 269
0.62994 0.44919 0.99275 0 0 0 0 0 0 0 270
0.54789 0.46781 0.9845 0 0 0 0 0 0 0 271
0.55207 0.65093 0.74907 0 0 0 0 0 0 0 272
0.59222 0.49493 0.93369 0 0 0 0 0 0 0 273
0.56199 0.47214 0.94841 0 0 0 0 0 0 0 274
0.59686 0.40108 0.87674 0 0 0 0 0 0 0 275
0.64532 0.37324 1.0235 0 0 0 0 0 0 0 276
0.5298 0.21653 0.95024 0 0 0 0 0 0 0 277
0.36359 0.46831 0.87275 0 0 0 0 0 0 0 278
0.66431 0.3385 1.1551 0 0 0 0 0 0 0 279
0.55956 0.46071 1.1108 0 0 0 0 0 0 0 280
0.75921 0.39506 0.95864 0 0 0 0 0 0 0 281
0.55076 0.62435 1.0618 0 0 0 0 0 0 0 282
0.70929 0.20225 0.96636 0 0 0 0 0 0 0 283
0.53459 0.40597 0.91178 0 0 0 0 0 0 0 284
0.69192 0.39906 0.99986 0 0 0 0 0 0 0 285
0.70694 0.36139 0.98432 0 0 0 0 0 0 0 286
0.76028 0.45233 0.97549 0 0 0 0 0 0 0 287
0.7214 0.49193 0.85991 0 0 0 0 0 0 0 288
0.62225 0.21881 0.80145 0 0 0 0 0 0 0 289
0.57759 0.27258 0.73487 0 0 0 0 0 0 0 290
0.62658 0.37042 0.86412 0 0 0 0 0 0 0 291
0.66281 0.24194 0.91952 0 0 0 0 0 0 0 292
0.6141 0.36153 0.95005 0 0 0 0 0 0 0 293
0.67475 0.39087 1.042 0 0 0 0 0 0 0 294
0.66095 0.41135 0.96984 0 0 0 0 0 0 0 295
0.81354 0.38074 0.90372 0 0 0 0 0 0 0 296
0.37449 0.25274 0.88204 0 0 0 0 0 0 0 297
0.57229 0.33681 0.92719 0 0 0 0 0 0 0 298
0.64645 0.39189 0.91294 0 0 0 0 0 0 0 299
0.62847 0.50611 1.1105 0 0 0 0 0 0 0 300
0.56206 0.29582 0.9417 0 0 0 0 0 0 0 301
0.64179 0.33904 0.98904 0 0 0 0 0 0 0 302
0.64322 0.47723 1.0703 0 0 0 0 0 0 0 303
0.41071 0.49941 0.86569 0 0 0 0 0 0 0 304
0.66952 0.34979 0.99055 0 0 0 0 0 0 0 305
0.64952 0.38653 1.0314 0 0 0 0 0 0 0 306
0.77216 0.38312 0.96619 0 0 0 0 0 0 0 307
0.7032 0.4059 0.73285 0 0 0 0 0 0 0 308
0.62059 0.23888 0.82632 0 0 0 0 0 0 0 309
0.66882 0.55067 1.0435 0 0 0 0 0 0 0 310
0.32891 0.46034 0.96923 0 0 0 0 0 0 0 311
0.57179 0.14183 0.98083 0 0 0 0 0 0 0 312
0.75282 0.40568 0.82876 0 0 0 0 0 0 0 313
0.515 0.40068 1.0757 0 0 0 0 0 0 0 314
0.53847 0.38858 0.90951 0 0 0 0 0 0 0 315
0.59802 0.373 0.98433 0 0 0 0 0 0 0 316
0.72236 0.53579 1.1093 0 0 0 0 0 0 0 317
0.56972 0.20634 0.84799 0 0 0 0 0 0 0 318
0.54027 0.4488 1.1135 0 0 0 0 0 0 0 319
0.50737 0.21919 0.84403 0 0 0 0 0 0 0 320
0.64311 0.45746 0.84816 0 0 0 0 0 0 0 321
0.57405 0.43667 1.0578 0 0 0 0 0 0 0 322
0.58374 0.33908 0.90717 0 0 0 0 0 0 0 323
0.68181 0.32256 0.98883 0 0 0 0 0 0 0 324
0.47004 0.59013 0.9092 0 0 0 0 0 0 0 325
0.7647 0.38788 1.0492 0 0 0 0 0 0 0 326
0.70305 0.43899 0.9183 0 0 0 0 0 0 0 327
0.6549 0.38948 1.004 0 0 0 0 0 0 0 328
0.6898 0.39393 0.97017 0 0 0 0 0 0 0 329
0.50032 0.45107 0.95946 0 0 0 0 0 0 0 330
0.66915 0.56265 1.1175 0 0 0 0 0 0 0 331
0.66675 0.23253 1.0381 0 0 0 0 0 0 0 332
0.70061 0.36717 0.76776 0 0 0 0 0 0 0 333
0.51469 0.47423 0.97795 0 0 0 0 0 0 0 334
0.6124 0.51351 0.80107 0 0 0 0 0 0 0 335
1.4938 0.73961 0.92159 0 0 0 0 0 0 0 336
1.5832 0.63961 0.95653 0 0 0 0 0 0 0 337
1.7376 0.91405 1.0204 0 0 0 0 0 0 0 338
1.4462 1.0579 0.9458 0 0 0 0 0 0 0 339
1.5075 0.84435 0.95735 0 0 0 0 0 0 0 340
1.6756 1.0045 0.89256 0 0 0 0 0 0 0 341
1.4902 0.89758 0.76646 0 0 0 0 0 0 0 342
1.4475 0.88645 0.98308 0 0 0 0 0 0 0 343
1.4837 0.68365 0.922 0 0 0 0 0 0 0 344
1.5704 0.90882 1.0307 0 0 0 0 0 0 0 345
1.7731 1.0154 1.0001 0 0 0 0 0 0 0 346
1.693 0.84547 1.1972 0 0 0 0 0 0 0 347
1.3768 0.90815 0.77878 0 0 0 0 0 0 0 348
1.5037 1.042 0.70901 0 0 0 0 0 0 0 349
1.6069 1.1061 0.92583 0 0 0 0 0 0 0 350
1.4781 1.087 1.1483 0 0 0 0 0 0 0 351
1.5856 1.102 0.86139 0 0 0 0 0 0 0 352
1.581 0.72742 1.0088 0 0 0 0 0 0 0 353
1.4953 0.69689 1.0288 0 0 0 0 0 0 0 354
1.5226 1.0678 0.98382 0 0 0 0 0 0 0 355
1.4786 1.1674 1.1322 0 0 0 0 0 0 0 356
1.3477 0.98541 1.0323 0 0 0 0 0 0 0 357
1.4594 0.90347 1.0138 0 0 0 0 0 0 0 358
1.4909 1.0282 0.98795 0 0 0 0 0 0 0 359
1.4858 0.90102 1.1065 0 0 0 0 0 0 0 360
1.4143 0.9559 1.1111 0 0 0 0 0 0 0 361
1.5388 0.81343 0.97173 0 0 0 0 0 0 0 362
1.503 0.89476 1.1016 0 0 0 0 0 0 0 363
1.2797 0.94933 1.0273 0 0 0 0 0 0 0 364
1.502 0.83114 1.1337 0 0 0 0 0 0 0 365
1.5496 1.1075 1.0384 0 0 0 0 0 0 0 366
1.6429 0.83939 1.0327 0 0 0 0 0 0 0 367
1.4886 1.0041 0.96035 0 0 0 0 0 0 0 368
1.421 0.86358 1.0087 0 0 0 0 0 0 0 369
1.4351 0.92254 1.1484 0 0 0 0 0 0 0 370
1.5328 0.96919 0.98149 0 0 0 0 0 0 0 371
1.5469 0.97685 0.82072 0 0 0 0 0 0 0 372
1.648 1.0113 0.91846 0 0 0 0 0 0 0 373
1.4699 0.83645 1.1386 0 0 0 0 0 0 0 374
1.6025 0.90754 0.895 0 0 0 0 0 0 0 375
1.68 0.93217 1.0243 0 0 0 0 0 0 0 376
1.5128 0.82114 0.84543 0 0 0 0 0 0 0 377
1.6518 0.97004 0.70847 0 0 0 0 0 0 0 378
1.3646 0.92906 0.97379 0 0 0 0 0 0 0 379
1.4529 0.71104 0.98734 0 0 0 0 0 0 0 380
1.6698 0.94206 0.97947 0 0 0 0 0 0 0 381
1.4394 0.95078 0.89962 0 0 0 0 0 0 0 382
1.5727 0.92678 0.967 0 0 0 0 0 0 0 383
1.5825 1.0137 0.87275 0 0 0 0 0 0 0 384
1.6067 1.0116 0.99729 0 0 0 0 0 0 0 385
1.4306 0.76256 0.8654 0 0 0 0 0 0 0 386
1.3974 1.0831 1.0971 0 0 0 0 0 0 0 387
1.3519 0.83734 1.0007 0 0 0 0 0 0 0 388
1.3406 0.9935 1.0315 0 0 0 0 0 0 0 389
1.4689 0.97725 0.90533 0 0 0 0 0 0 0 390
1.4934 0.6924 0.94088 0 0 0 0 0 0 0 391
1.5002 1.0314 0.95337 0 0 0 0 0 0 0 392
1.4753 0.84466 1.11 0 0 0 0 0 0 0 393
1.5114 1.0278 1.1666 0 0 0 0 0 0 0 394
1.5944 1.0942 0.87851 0 0 0 0 0 0 0 395
1.4981 0.98541 1.0692 0 0 0 0 0 0 0 396
1.5632 0.72021 0.77605 0 0 0 0 0 0 0 397
1.3877 0.99987 1.0494 0 0 0 0 0 0 0 398
1.7581 0.89897 1.1804 0 0 0 0 0 0 0 399
1.4045 0.88352 1.0283 0 0 0 0 0 0 0 400
1.6368 0.92616 1.0111 0 0 0 0 0 0 0 401
1.77 0.96529 0.98123 0 0 0 0 0 0 0 402
1.3224 0.94648 0.99734 0 0 0 0 0 0 0 403
19.8595 -1.1244 -1.1992 0 0 0 0 0 0 0 404
18.7085 -0.59845 -1.3639 0 0 0 0 0 0 0 405
19.7778 -0.21673 -0.40771 0 0 0 0 0 0 0 406
18.9681 -0.90511 -0.82255 0 0 0 0 0 0 0 407
18.7501 -0.42345 -0.22991 0 0 0 0 0 0 0 408
20.1793 -0.93295 -1.895 0 0 0 0 0 0 0 409
18.9609 0.075629 -0.89197 0 0 0 0 0 0 0 410
19.9042 -0.92277 -0.94637 0 0 0 0 0 0 0 411
19.4825 -0.53891 -1.4353 0 0 0 0 0 0 0 412
18.2974 -1.4738 -1.9062 0 0 0 0 0 0 0 413
19.4344 -0.51733 -1.1481 0 0 0 0 0 0 0 414
18.7227 -1.577 -0.57823 0 0 0 0 0 0 0 415
18.3566 -1.5581 -1.8783 0 0 0 0 0 0 0 416
19.972 -0.46961 -1.3605 0 0 0 0 0 0 0 417
18.9168 -1.3361 -0.070753 0 0 0 0 0 0 0 418
19.0525 0.21304 -0.92905 0 0 0 0 0 0 0 419
19.1815 0.23662 -0.63967 0 0 0 0 0 0 0 420
19.6585 -0.19484 -0.33587 0 0 0 0 0 0 0 421
18.8444 -1.092 -0.048237 0 0 0 0 0 0 0 422
19.7196 0.35701 -0.99395 0 0 0 0 0 0 0 423
20.448 -0.68486 -1.0635 0 0 0 0 0 0 0 424
18.9059 -1.7027 -0.88845 0 0 0 0 0 0 0 425
20.0218 -0.47027 -0.14187 0 0 0 0 0 0 0 426
19.0448 0.069605 -1.5873 0 0 0 0 0 0 0 427
18.7465 -0.87656 -1.2417 0 0 0 0 0 0 0 428
19.6804 0.1899 -0.40183 0 0 0 0 0 0 0 429
19.1358 -0.11811 -0.73024 0 0 0 0 0 0 0 430
18.3244 -1.1757 -0.3682 0 0 0 0 0 0 0 431
19.0393 -0.017479 -0.89226 0 0 0 0 0 0 0 432
18.7509 -0.48658 -1.1504 0 0 0 0 0 0 0 433
18.949 -1.9999 -0.68588 0 0 0 0 0 0 0 434
19.9653 -1.2029 -1.4396 0 0 0 0 0 0 0 435
19.8212 -0.86613 -1.3689 0 0 0 0 0 0 0 436
19.1319 -1.6871 -0.45901 0 0 0 0 0 0 0 437
18.5083 -0.82404 -0.61335 0 0 0 0 0 0 0 438
18.7046 -0.94944 -2.3946 0 0 0 0 0 0 0 439
19.1479 -1.1772 -0.66326 0 0 0 0 0 0 0 440
19.2173 -0.35322 -1.1533 0 0 0 0 0 0 0 441
19.7408 -0.0070224 -0.14428 0 0 0 0 0 0 0 442
18.976 -0.82865 -0.66592 0 0 0 0 0 0 0 443
19.8996 -0.40815 -0.10808 0 0 0 0 0 0 0 444
19.3139 -1.1155 -1.4844 0 0 0 0 0 0 0 445
19.5104 -0.54169 -2.1064 0 0 0 0 0 0 0 446
19.2061 -0.9284 -0.85668 0 0 0 0 0 0 0 447
18.9768 -1.2164 -1.2716 0 0 0 0 0 0 0 448
19.5739 -0.31788 -0.17263 0 0 0 0 0 0 0 449
19.3954 -1.5734 -0.58047 0 0 0 0 0 0 0 450
21.175 -0.96971 -1.6757 0 0 0 0 0 0 0 451
18.8137 -0.93105 -1.3951 0 0 0 0 0 0 0 452
19.0321 -0.27428 -0.79485 0 0 0 0 0 0 0 453
18.9901 -0.85759 -0.096461 0 0 0 0 0 0 0 454
18.3192 -1.0774 -0.39232 0 0 0 0 0 0 0 455
19.7559 -1.5703 -0.66268 0 0 0 0 0 0 0 456
18.4116 -1.3084 -1.3625 0 0 0 0 0 0 0 457
19.3181 -1.4514 -1.2679 0 0 0 0 0 0 0 458
19.5058 -1.0835 -0.36841 0 0 0 0 0 0 0 459
19.2501 -0.61277 -1.3058 0 0 0 0 0 0 0 460
18.6662 -0.25655 -1.0477 0 0 0 0 0 0 0 461
18.8784 -2.1111 -0.99571 0 0 0 0 0 0 0 462
18.5361 -1.0625 -0.37796 0 0 0 0 0 0 0 463
19.5504 -1.3433 -0.49563 0 0 0 0 0 0 0 464
18.7774 -1.3411 -0.93142 0 0 0 0 0 0 0 465
19.6745 0.13559 -1.2359 0 0 0 0 0 0 0 466
17.7841 -0.22141 -0.6266 0 0 0 0 0 0 0 467
20.1348 -0.66062 -0.24306 0 0 0 0 0 0 0 468
18.9117 -0.93631 0.17673 0 0 0 0 0 0 0 469
20.5709 -1.5779 -0.15976 0 0 0 0 0 0 0 470
20.3183 -0.28587 -0.62833 0 0 0 0 0 0 0 471
19.4113 -0.96942 -0.0090638 0 0 0 0 0 0 0 472
19.6669 -1.331 -1.2127 0 0 0 0 0 0 0 473
18.9403 -1.1008 -0.74694 0 0 0 0 0 0 0 474
20.0892 -1.114 -0.74717 0 0 0 0 0 0 0 475
18.5096 -0.402 -0.84268 0 0 0 0 0 0 0 476
19.6962 -0.014861 -0.17601 0 0 0 0 0 0 0 477
19.5887 -0.71782 -1.1695 0 0 0 0 0 0 0 478
20.4174 -1.6025 -1.1155 0 0 0 0 0 0 0 479
18.2295 -0.032111 -0.23524 0 0 0 0 0 0 0 480
19.3559 -0.63871 -2.0697 0 0 0 0 0 0 0 481
18.6085 -0.83153 -0.67254 0 0 0 0 0 0 0 482
18.7488 -1.0117 -0.43518 0 0 0 0 0 0 0 483
19.4447 -0.60837 -0.42383 0 0 0 0 0 0 0 484
18.1518 -0.33 -0.67704 0 0 0 0 0 0 0 485
18.0407 -1.3352 -0.9729 0 0 0 0 0 0 0 486
18.758 -0.84162 -1.2014 0 0 0 0 0 0 0 487
19.5276 -1.0555 -0.74153 0 0 0 0 0 0 0 488
18.9894 -0.38987 -1.1294 0 0 0 0 0 0 0 489
18.8737 -0.87705 0.41324 0 0 0 0 0 0 0 490
18.635 -1.0983 -1.5807 0 0 0 0 0 0 0 491
17.5272 -1.3698 -1.4107 0 0 0 0 0 0 0 492
19.3317 -0.31915 -1.777 0 0 0 0 0 0 0 493
18.541 -1.1515 0.28175 0 0 0 0 0 0 0 494
19.6057 -1.0029 -0.5892 0 0 0 0 0 0 0 495
19.7191 -1.6149 -1.4844 0 0 0 0 0 0 0 496
19.2494 -0.90781 0.21881 0 0 0 0 0 0 0 497
19.9163 0.8735 -0.94024 0 0 0 0 0 0 0 498
17.9939 -0.84586 -0.39708 0 0 0 0 0 0 0 499
18.8589 -0.35661 -0.43443 0 0 0 0 0 0 0 500
19.9895 -0.085414 -0.58394 0 0 0 0 0 0 0 501
19.1594 -1.4236 -0.52416 0 0 0 0 0 0 0 502
18.9274 -0.58745 0.16202 0 0 0 0 0 0 0 503
18.4831 -0.31735 -1.9139 0 0 0 0 0 0 0 504
19.8139 -0.94823 -0.54343 0 0 0 0 0 0 0 505
19.7016 -0.95113 -1.3033 0 0 0 0 0 0 0 506
18.2879 -1.2282 -0.54118 0 0 0 0 0 0 0 507
19.0323 -1.469 -0.40664 0 0 0 0 0 0 0 508
18.4294 -1.0024 -1.1099 0 0 0 0 0 0 0 509
19.9758 -0.68254 -1.9596 0 0 0 0 0 0 0 510
18.8282 -0.24062 -0.9443 0 0 0 0 0 0 0 511
19.2572 -0.66823 -1.7897 0 0 0 0 0 0 0 512
19.9405 -0.92882 -0.97304 0 0 0 0 0 0 0 513
19.9144 -0.2856 -1.5119 0 0 0 0 0 0 0 514
19.4276 0.087986 -0.35719 0 0 0 0 0 0 0 515
18.419 -0.090518 -0.54866 0 0 0 0 0 0 0 516
19.2229 -1.2826 -0.77306 0 0 0 0 0 0 0 517
19.7091 0.00062366 -0.93826 0 0 0 0 0 0 0 518
18.8866 -0.55726 -0.6284 0 0 0 0 0 0 0 519
19.5184 -1.063 -0.22117 0 0 0 0 0 0 0 520
18.6933 -0.85668 -1.2819 0 0 0 0 0 0 0 521
18.2483 -0.82135 -1.9603 0 0 0 0 0 0 0 522
19.6864 -1.0267 -0.59262 0 0 0 0 0 0 0 523
18.76 -1.1531 -1.4481 0 0 0 0 0 0 0 524
18.934 -1.2315 -0.77977 0 0 0 0 0 0 0 525
18.2453 -1.6083 -0.64238 0 0 0 0 0 0 0 526
18.7412 -1.0082 -1.3749 0 0 0 0 0 0 0 527
18.9042 -0.61131 -1.3785 0 0 0 0 0 0 0 528
19.4098 -0.77014 -0.14522 0 0 0 0 0 0 0 529
19.2285 -0.24609 -0.41744 0 0 0 0 0 0 0 530
18.1406 -0.79932 -1.3426 0 0 0 0 0 0 0 531
18.5786 -1.3318 0.097401 0 0 0 0 0 0 0 532
19.1392 -0.44609 -0.64874 0 0 0 0 0 0 0 533
19.0939 -1.3538 -0.040052 0 0 0 0 0 0 0 534
19.6963 -0.90177 -0.43572 0 0 0 0 0 0 0 535
18.7127 -0.35985 -0.58934 0 0 0 0 0 0 0 536
20.7012 -0.97834 -1.1327 0 0 0 0 0 0 0 537
17.7348 -0.85038 -0.16488 0 0 0 0 0 0 0 538
19.2257 -1.2082 -0.12033 0 0 0 0 0 0 0 539
19.7576 -0.82528 -1.4645 0 0 0 0 0 0 0 540
20.0816 -1.1797 -0.42843 0 0 0 0 0 0 0 541
18.6412 0.064625 -0.24035 0 0 0 0 0 0 0 542
18.4455 -1.2216 0.18695 0 0 0 0 0 0 0 543
18.7722 -0.99129 -0.70192 0 0 0 0 0 0 0 544
19.2193 0.0096362 -0.74223 0 0 0 0 0 0 0 545
19.5072 -0.14851 -0.49769 0 0 0 0 0 0 0 546
19.8007 -0.58398 -1.2364 0 0 0 0 0 0 0 547
18.5565 -0.66986 -1.0934 0 0 0 0 0 0 0 548
18.9091 -1.6825 -0.94468 0 0 0 0 0 0 0 549
20.4737 -1.3352 -0.67965 0 0 0 0 0 0 0 550
19.4857 -1.0514 -1.2439 0 0 0 0 0 0 0 551
18.4748 -0.47721 -0.68878 0 0 0 0 0 0 0 552
19.026 -0.83206 -0.61372 0 0 0 0 0 0 0 553
19.2811 -0.50863 0.10975 0 0 0 0 0 0 0 554
19.2704 -1.8178 -1.6928 0 0 0 0 0 0 0 555
19.4502 -0.68605 -1.3292 0 0 0 0 0 0 0 556
18.5704 -1.1859 0.24907 0 0 0 0 0 0 0 557
18.6119 -0.54823 -1.3419 0 0 0 0 0 0 0 558
20.1224 -0.13348 -1.3233 0 0 0 0 0 0 0 559
18.7949 -1.971 -0.88771 0 0 0 0 0 0 0 560
19.1998 -0.71819 -1.3661 0 0 0 0 0 0 0 561
19.1896 -1.1587 -0.68762 0 0 0 0 0 0 0 562
18.6772 -1.6075 -0.84908 0 0 0 0 0 0 0 563
19.539 -1.2275 -0.7593 0 0 0 0 0 0 0 564
18.9586 -0.76596 -0.9657 0 0 0 0 0 0 0 565
18.9645 -0.91371 0.09201 0 0 0 0 0 0 0 566
18.1395 -0.96179 0.08609 0 0 0 0 0 0 0 567
18.5776 -1.2715 -0.92563 0 0 0 0 0 0 0 568
19.7008 -1.9281 -1.1562 0 0 0 0 0 0 0 569
19.0792 -2.27 -0.19223 0 0 0 0 0 0 0 570
18.5539 -0.59953 -1.565 0 0 0 0 0 0 0 571
18.8804 -0.84557 -1.0164 0 0 0 0 0 0 0 572
18.4984 0.88118 0.40432 0 0 0 0 0 0 0 573
20.3187 -1.2319 -0.065057 0 0 0 0 0 0 0 574
18.8897 -0.8608 -0.7976 0 0 0 0 0 0 0 575
19.9692 -0.93413 -0.87071 0 0 0 0 0 0 0 576
19.3862 -1.4453 -0.22532 0 0 0 0 0 0 0 577
19.2663 -1.5209 -0.9927 0 0 0 0 0 0 0 578
18.2375 -1.3996 -0.85326 0 0 0 0 0 0 0 579
19.7181 -0.029048 -0.99868 0 0 0 0 0 0 0 580
19.0648 -1.0632 -0.57179 0 0 0 0 0 0 0 581
19.1548 -0.98389 -0.61319 0 0 0 0 0 0 0 582
18.8278 -1.1083 -0.22384 0 0 0 0 0 0 0 583
19.5078 -0.14915 -0.22805 0 0 0 0 0 0 0 584
19.8368 -1.1796 -0.93116 0 0 0 0 0 0 0 585
18.9968 -0.18683 -0.21069 0 0 0 0 0 0 0 586
19.3225 -1.017 -1.3477 0 0 0 0 0 0 0 587
19.1058 -0.30615 -0.35421 0 0 0 0 0 0 0 588
19.2989 -0.63637 -0.23677 0 0 0 0 0 0 0 589
18.6731 -0.86368 -1.0069 0 0 0 0 0 0 0 590
18.9518 -0.89129 -0.19768 0 0 0 0 0 0 0 591
19.0083 -0.55453 -1.4679 0 0 0 0 0 0 0 592
20.1528 -0.43531 -1.222 0 0 0 0 0 0 0 593
18.9342 -1.5308 -1.1168 0 0 0 0 0 0 0 594
19.5234 -0.71968 -1.214 0 0 0 0 0 0 0 595
19.8273 -1.3027 -1.0163 0 0 0 0 0 0 0 596
18.4834 0.083165 -1.0177 0 0 0 0 0 0 0 597
18.9265 -0.48017 -0.040558 0 0 0 0 0 0 0 598
19.3485 -1.4837 -0.48106 0 0 0 0 0 0 0 599
18.9528 -0.89457 -1.505 0 0 0 0 0 0 0 600
19.1771 -1.5116 -1.8752 0 0 0 0 0 0 0 601
19.0641 -1.2385 -1.8871 0 0 0 0 0 0 0 602
19.1737 -1.1106 -1.6613 0 0 0 0 0 0 0 603
20.0816 -0.84294 -0.83982 0 0 0 0 0 0 0 604
20.8801 0.48686 1.2867 0 0 0 0 0 0 0 605
20.5863 1.2721 0.44529 0 0 0 0 0 0 0 606
20.5818 0.83479 0.73876 0 0 0 0 0 0 0 607
20.4659 0.50623 1.4117 0 0 0 0 0 0 0 608
20.525 0.19234 1.3338 0 0 0 0 0 0 0 609
20.9414 1.1245 0.51193 0 0 0 0 0 0 0 610
21.61 0.98045 1.7908 0 0 0 0 0 0 0 611
20.1429 0.53116 1.0268 0 0 0 0 0 0 0 612
20.9183 0.29512 1.4341 0 0 0 0 0 0 0 613
20.8679 0.95723 0.1326 0 0 0 0 0 0 0 614
21.2678 0.2867 0.45372 0 0 0 0 0 0 0 615
20.5251 1.4381 0.68186 0 0 0 0 0 0 0 616
20.7349 1.2345 0.66948 0 0 0 0 0 0 0 617
20.8837 0.11669 0.75204 0 0 0 0 0 0 0 618
20.3909 0.77573 -0.06064 0 0 0 0 0 0 0 619
20.7124 2.4423 1.3982 0 0 0 0 0 0 0 620
21.0581 0.7199 0.54164 0 0 0 0 0 0 0 621
21.0823 0.21939 1.2774 0 0 0 0 0 0 0 622
21.3958 1.9394 0.55137 0 0 0 0 0 0 0 623
20.7337 0.99395 -0.32511 0 0 0 0 0 0 0 624
19.8623 0.62152 0.025393 0 0 0 0 0 0 0 625
20.9406 0.72431 1.5568 0 0 0 0 0 0 0 626
20.1822 0.48117 1.2453 0 0 0 0 0 0 0 627
21.3826 0.011448 0.028356 0 0 0 0 0 0 0 628
20.4086 1.4042 0.58596 0 0 0 0 0 0 0 629
20.4293 0.7874 -0.60339 0 0 0 0 0 0 0 630
20.4528 1.3881 0.58319 0 0 0 0 0 0 0 631
20.5734 0.76653 1.3866 0 0 0 0 0 0 0 632
20.0373 1.6194 1.1987 0 0 0 0 0 0 0 633
20.3466 0.82209 0.76303 0 0 0 0 0 0 0 634
21.1138 2.2148 1.4819 0 0 0 0 0 0 0 635
20.4081 0.83214 1.5268 0 0 0 0 0 0 0 636
20.8931 0.096977 -0.15921 0 0 0 0 0 0 0 637
20.2669 0.63032 1.4027 0 0 0 0 0 0 0 638
20.7074 1.0529 0.23937 0 0 0 0 0 0 0 639
20.5797 1.4731 1.05 0 0 0 0 0 0 0 640
21.4766 1.2023 1.1161 0 0 0 0 0 0 0 641
20.8757 0.94534 0.18402 0 0 0 0 0 0 0 642
21.0911 0.037132 0.6245 0 0 0 0 0 0 0 643
21.1317 0.38027 0.98537 0 0 0 0 0 0 0 644
20.1016 0.84131 0.30439 0 0 0 0 0 0 0 645
20.1429 1.0776 0.65179 0 0 0 0 0 0 0 646
20.5297 1.8073 0.78508 0 0 0 0 0 0 0 647
21.6589 0.81346 1.3264 0 0 0 0 0 0 0 648
20.9328 0.84444 0.73662 0 0 0 0 0 0 0 649
21.047 0.55967 0.98367 0 0 0 0 0 0 0 650
21.2312 0.17081 1.3466 0 0 0 0 0 0 0 651
20.797 1.4548 0.97123 0 0 0 0 0 0 0 652
20.7915 0.077219 0.65114 0 0 0 0 0 0 0 653
20.6137 0.32685 1.4811 0 0 0 0 0 0 0 654
21.1538 0.95603 0.10178 0 0 0 0 0 0 0 655
20.5858 0.57213 1.1968 0 0 0 0 0 0 0 656
20.6837 0.72883 1.6223 0 0 0 0 0 0 0 657
21.0468 0.67387 0.72221 0 0 0 0 0 0 0 658
20.7198 0.78201 -0.58611 0 0 0 0 0 0 0 659
21.1139 0.5035 0.28871 0 0 0 0 0 0 0 660
21.1261 0.11473 1.4942 0 0 0 0 0 0 0 661
21.586 1.2946 1.6174 0 0 0 0 0 0 0 662
20.614 2.0991 -0.25649 0 0 0 0 0 0 0 663
20.3974 1.7076 -0.2254 0 0 0 0 0 0 0 664
21.2246 1.5777 1.1939 0 0 0 0 0 0 0 665
20.9057 1.488 0.35926 0 0 0 0 0 0 0 666
21.4226 -0.28575 1.1223 0 0 0 0 0 0 0 667
21.8681 1.5473 0.3463 0 0 0 0 0 0 0 668
21.5284 0.058055 0.014145 0 0 0 0 0 0 0 669
19.8839 1.4119 0.90114 0 0 0 0 0 0 0 670
21.4219 1.3749 0.22469 0 0 0 0 0 0 0 671
21.5431 0.41563 -0.27401 0 0 0 0 0 0 0 672
20.8062 0.55057 -0.34385 0 0 0 0 0 0 0 673
21.1385 1.462 0.40279 0 0 0 0 0 0 0 674
20.7421 -0.082722 0.43921 0 0 0 0 0 0 0 675
20.4049 1.2937 0.42963 0 0 0 0 0 0 0 676
20.6052 1.0496 1.3917 0 0 0 0 0 0 0 677
20.5434 1.5353 1.2063 0 0 0 0 0 0 0 678
20.5806 -0.045323 0.17458 0 0 0 0 0 0 0 679
20.7152 0.4056 0.47067 0 0 0 0 0 0 0 680
21.1466 -0.41811 1.0943 0 0 0 0 0 0 0 681
19.8899 1.933 0.77185 0 0 0 0 0 0 0 682
20.9715 0.64135 0.026088 0 0 0 0 0 0 0 683
20.0403 0.95233 0.5034 0 0 0 0 0 0 0 684
21.2841 1.016 0.44295 0 0 0 0 0 0 0 685
21.2274 0.46414 0.27236 0 0 0 0 0 0 0 686
21.034 0.75434 0.64167 0 0 0 0 0 0 0 687
20.3346 1.5196 1.3305 0 0 0 0 0 0 0 688
20.8748 0.86929 0.073229 0 0 0 0 0 0 0 689
20.4733 1.3676 1.2279 0 0 0 0 0 0 0 690
20.8063 1.7438 1.2569 0 0 0 0 0 0 0 691
21.3364 0.70849 -0.032808 0 0 0 0 0 0 0 692
20.4142 1.7479 1.7397 0 0 0 0 0 0 0 693
21.089 0.18842 0.34368 0 0 0 0 0 0 0 694
20.5319 0.33381 0.79442 0 0 0 0 0 0 0 695
21.198 0.64145 0.4877 0 0 0 0 0 0 0 696
20.4704 0.98086 1.6328 0 0 0 0 0 0 0 697
21.1726 1.0171 0.46924 0 0 0 0 0 0 0 698
20.8654 0.68134 0.10498 0 0 0 0 0 0 0 699
19.9636 0.99754 0.3917 0 0 0 0 0 0 0 700
20.7837 -0.25218 0.85943 0 0 0 0 0 0 0 701
20.1304 0.24667 1.5313 0 0 0 0 0 0 0 702
21.3607 1.1495 0.77031 0 0 0 0 0 0 0 703
21.1125 0.75089 1.0607 0 0 0 0 0 0 0 704
21.1896 0.21224 0.82846 0 0 0 0 0 0 0 705
20.6222 0.21482 1.9719 0 0 0 0 0 0 0 706
20.5405 1.0119 0.98874 0 0 0 0 0 0 0 707
21.6475 0.54397 0.64434 0 0 0 0 0 0 0 708
20.5474 0.39696 0.83372 0 0 0 0 0 0 0 709
20.3661 1.2602 1.3322 0 0 0 0 0 0 0 710
20.8075 0.76244 1.7111 0 0 0 0 0 0 0 711
21.0055 0.36428 1.1514 0 0 0 0 0 0 0 712
21.1429 0.8336 0.9204 0 0 0 0 0 0 0 713
20.2352 0.19519 0.27434 0 0 0 0 0 0 0 714
21.437 0.89257 -0.036569 0 0 0 0 0 0 0 715
22.2233 0.26653 1.2565 0 0 0 0 0 0 0 716
19.8026 0.68727 0.60306 0 0 0 0 0 0 0 717
21.895 0.45289 1.6531 0 0 0 0 0 0 0 718
20.0641 0.97937 1.705 0 0 0 0 0 0 0 719
21.1253 2.0202 0.3983 0 0 0 0 0 0 0 720
20.8682 0.85956 0.59974 0 0 0 0 0 0 0 721
20.5506 0.65112 0.88631 0 0 0 0 0 0 0 722
21.1049 1.3777 0.70608 0 0 0 0 0 0 0 723
20.7337 0.73457 1.009 0 0 0 0 0 0 0 724
21.1159 -0.21401 0.90645 0 0 0 0 0 0 0 725
21.3974 0.77527 -0.14887 0 0 0 0 0 0 0 726
20.2893 0.67789 0.24584 0 0 0 0 0 0 0 727
21.069 0.86902 0.78046 0 0 0 0 0 0 0 728
20.923 1.669 1.774 0 0 0 0 0 0 0 729
20.4384 1.0275 1.4445 0 0 0 0 0 0 0 730
21.3669 1.4908 0.67686 0 0 0 0 0 0 0 731
21.0352 0.86445 1.0748 0 0 0 0 0 0 0 732
20.8149 0.28998 1.0166 0 0 0 0 0 0 0 733
19.8398 1.0891 0.7555 0 0 0 0 0 0 0 734
20.763 0.47903 0.71251 0 0 0 0 0 0 0 735
21.3567 0.22886 1.1144 0 0 0 0 0 0 0 736
20.6501 1.0537 0.61628 0 0 0 0 0 0 0 737
20.2829 0.65412 1.0848 0 0 0 0 0 0 0 738
20.9011 0.14699 1.7347 0 0 0 0 0 0 0 739
20.6615 0.96824 1.2461 0 0 0 0 0 0 0 740
21.3238 0.84053 0.53777 0 0 0 0 0 0 0 741
20.3928 0.90208 1.1483 0 0 0 0 0 0 0 742
20.348 0.46481 1.018 0 0 0 0 0 0 0 743
21.0727 0.74013 1.2909 0 0 0 0 0 0 0 744
20.1263 0.23557 1.3168 0 0 0 0 0 0 0 745
21.0351 1.3977 0.82334 0 0 0 0 0 0 0 746
19.4852 2.204 1.5934 0 0 0 0 0 0 0 747
20.8273 0.90556 1.5448 0 0 0 0 0 0 0 748
20.5096 0.99501 0.89429 0 0 0 0 0 0 0 749
20.2725 0.76226 1.2354 0 0 0 0 0 0 0 750
21.4359 1.1664 0.23212 0 0 0 0 0 0 0 751
20.6111 0.66516 0.14629 0 0 0 0 0 0 0 752
21.2588 0.62302 1.5545 0 0 0 0 0 0 0 753
21.7058 0.40814 1.8002 0 0 0 0 0 0 0 754
21.446 0.83682 0.36672 0 0 0 0 0 0 0 755
20.5143 1.8687 0.25096 0 0 0 0 0 0 0 756
20.3678 1.2549 0.76361 0 0 0 0 0 0 0 757
21.2079 0.062568 0.60708 0 0 0 0 0 0 0 758
20.7787 1.4976 0.1027 0 0 0 0 0 0 0 759
21.8645 0.27672 0.63376 0 0 0 0 0 0 0 760
20.6867 1.4796 -0.018229 0 0 0 0 0 0 0 761
21.7283 -0.7568 1.0595 0 0 0 0 0 0 0 762
20.714 1.1561 0.46954 0 0 0 0 0 0 0 763
21.0276 0.88745 1.8688 0 0 0 0 0 0 0 764
21.2984 0.77797 1.0416 0 0 0 0 0 0 0 765
20.8928 0.37311 1.6451 0 0 0 0 0 0 0 766
20.7554 1.1215 1.7708 0 0 0 0 0 0 0 767
21.2686 0.6413 0.28868 0 0 0 0 0 0 0 768
20.8413 0.62007 0.49088 0 0 0 0 0 0 0 769
21.3042 1.031 1.3022 0 0 0 0 0 0 0 770
20.5425 0.67505 1.2732 0 0 0 0 0 0 0 771
19.1692 0.057184 0.4342 0 0 0 0 0 0 0 772
20.3181 2.0705 1.6009 0 0 0 0 0 0 0 773
21.5679 -0.80405 2.0743 0 0 0 0 0 0 0 774
20.7294 0.43051 1.1162 0 0 0 0 0 0 0 775
21.9142 1.3057 -1.2281 0 0 0 0 0 0 0 776
20.6149 0.51905 0.79575 0 0 0 0 0 0 0 777
21.1005 0.50412 0.34864 0 0 0 0 0 0 0 778
20.0389 0.24622 0.37177 0 0 0 0 0 0 0 779
21.0699 0.17431 1.9488 0 0 0 0 0 0 0 780
20.7677 0.86947 1.262 0 0 0 0 0 0 0 781
21.6172 1.1853 0.78381 0 0 0 0 0 0 0 782
21.1803 0.61843 1.1108 0 0 0 0 0 0 0 783
21.2754 0.76297 1.4566 0 0 0 0 0 0 0 784
20.803 1.2838 0.67759 0 0 0 0 0 0 0 785
20.8082 1.8394 1.0007 0 0 0 0 0 0 0 786
21.0833 1.3159 1.1681 0 0 0 0 0 0 0 787
21.7699 1.5309 -0.047782 0 0 0 0 0 0 0 788
21.4757 0.76146 1.4798 0 0 0 0 0 0 0 789
20.2881 1.458 0.50994 0 0 0 0 0 0 0 790
20.8474 0.61288 0.53934 0 0 0 0 0 0 0 791
20.203 0.062181 0.90393 0 0 0 0 0 0 0 792
19.8202 1.1594 -0.29211 0 0 0 0 0 0 0 793
20.6044 1.5592 0.98584 0 0 0 0 0 0 0 794
21.0205 0.55412 0.83231 0 0 0 0 0 0 0 795
21.0081 0.51082 1.4312 0 0 0 0 0 0 0 796
21.7072 1.9151 0.64938 0 0 0 0 0 0 0 797
20.592 1.6003 0.73024 0 0 0 0 0 0 0 798
20.1643 0.40981 0.069318 0 0 0 0 0 0 0 799
20.9773 0.39593 1.8967 0 0 0 0 0 0 0 800
21.0113 0.80849 0.94275 0 0 0 0 0 0 0 801
19.7654 0.17399 1.1539 0 0 0 0 0 0 0 802
21.3621 1.2469 0.54825 0 0 0 0 0 0 0 803
20.0583 1.171 0.57801 0 0 0 0 0 0 0 804
20.172 0.086062 0.97366 0 0 0 0 0 0 0 805
21.5787 0.0086715 0.59112 0 0 0 0 0 0 0 806
7.5605 18.2373 -1.4345 -0.21747 -1.4312 -3.8967 -0.4602 -2.5258 0 0 807
6.4994 17.6243 -2.6271 -0.68047 -1.9559 -2.5915 -2.9201 -2.7734 0 0 808
7.0524 18.3624 -0.78546 -1.9311 -3.436 -0.32029 -1.9213 -1.4436 0 0 809
6.1596 16.768 -1.0819 -1.8067 -0.3796 -1.8479 -2.3761 -1.3872 0 0 810
5.7026 19.8927 -1.4157 -2.2786 -3.3345 -1.0697 -1.5305 -2.9043 0 0 811
5.1648 19.3273 -2.5178 -0.83141 -1.6649 0.099906 -0.42314 -0.67528 0 0 812
7.3144 18.2876 -2.1352 -1.6897 -1.4386 -1.8118 -2.2279 -2.5414 0 0 813
6.4794 17.6934 -0.56625 -0.89108 -4.7115 -2.2893 0.077362 -0.17054 0 0 814
7.2397 18.0466 -1.1918 -3.4886 -0.036485 1.2074 1.7175 -0.20037 0 0 815
5.854 17.3702 -1.0657 -1.8404 -2.0874 -1.6431 -1.783 -1.3873 0 0 816
6.2886 18.2511 -2.3591 -0.038926 -1.9325 -3.5724 -0.67201 0.055637 0 0 817
4.6048 17.3894 -0.066615 -0.24437 -3.3943 -1.3407 -1.8073 -1.1041 0 0 818
4.2096 17.6661 -0.668 -2.9996 -1.4217 -1.5074 -1.669 -0.67369 0 0 819
5.5592 18.6304 -1.8097 -0.59652 -1.2014 -1.463 -0.78209 -1.6464 0 0 820
5.2908 19.3753 -2.5153 -3.0542 -2.2718 0.51126 -2.0766 -1.019 0 0 821
8.7471 17.7028 -3.4192 -0.50134 -1.4148 -1.7739 -2.3824 -2.1492 0 0 822
5.5379 16.6957 -1.2329 -1.5493 -2.699 -1.3609 -1.6894 -0.5788 0 0 823
6.4929 19.4183 -2.4658 -1.9999 -2.0785 0.24655 -1.0298 -0.91031 0 0 824
6.677 19.6588 -1.5525 -1.7933 0.11705 -2.0681 -3.2708 -2.1713 0 0 825
6.1206 19.6865 -1.4063 -1.2786 -1.477 -0.88201 -1.1444 -4.218 0 0 826
7.1094 18.6432 -1.3129 -2.8085 -1.7513 -1.6657 -2.3237 -2.3889 0 0 827
5.2822 18.2966 -1.9082 -2.0985 -1.5263 -2.4906 -3.7589 -1.2076 0 0 828
6.8644 19.8552 -1.4713 -3.1884 -0.62255 -0.65001 -3.5357 -3.9713 0 0 829
8.3488 17.083 -0.065265 -1.338 -1.5899 -2.7591 -3.325 -2.2752 0 0 830
4.8455 18.4529 -2.9567 -1.7567 -0.91724 -2.8553 -1.8825 -0.16995 0 0 831
7.9671 16.5977 -1.5509 -0.42855 -2.3072 0.37161 -1.2845 -1.1285 0 0 832
6.7866 18.447 -0.19493 -2.7575 -1.7205 0.67427 -1.6395 -0.4346 0 0 833
6.104 16.372 -1.8544 -2.6908 -1.3545 -1.2551 -1.772 -1.331 0 0 834
7.0074 18.9811 -2.8093 -2.2458 -1.3727 -3.3374 -1.5608 -1.4423 0 0 835
4.8487 18.2819 -1.7578 -1.3583 -2.694 -0.27122 -1.4469 -0.54025 0 0 836
6.7509 18.6881 -1.2777 -0.58975 -1.7706 -0.71265 0.39511 -1.6534 0 0 837
6.4341 19.5231 -2.2701 -0.080197 -0.53569 -2.5483 -0.14598 -2.4652 0 0 838
8.5554 16.1657 -2.2772 -2.7156 1.2807 -1.5433 -4.7848 -1.5742 0 0 839
6.4051 17.6995 -2.2015 -0.22723 -2.8394 -2.3591 -2.512 -3.2384 0 0 840
7.8669 19.6318 -2.238 -2.8335 -1.8818 -1.9634 -1.0499 -0.87596 0 0 841
5.9593 19.9528 -1.3985 -2.0798 -1.1775 -1.9978 -2.1831 -3.5145 0 0 842
3.6215 18.5014 -3.2802 -2.4458 -2.0458 -0.73584 -1.7444 -0.61862 0 0 843
6.9992 17.8889 -2.9631 -1.7973 1.1964 -0.64036 -1.2806 -2.0103 0 0 844
6.0594 18.6482 -1.2027 -1.2202 -1.1628 -3.3167 -0.46233 -1.7747 0 0 845
8.3179 17.7043 -1.1438 0.21626 -2.9709 -1.3893 -2.5155 -1.4293 0 0 846
7.2377 18.8542 -1.6446 -2.2401 0.21542 -0.4766 -2.6857 -2.4305 0 0 847
4.227 19.5118 -1.8089 1.0346 -0.23461 -1.2474 -2.3119 -1.7989 0 0 848
5.9557 18.63 -1.6393 -1.6885 -0.88944 -1.1138 -0.55823 0.70398 0 0 849
6.0236 17.0954 -1.6116 -2.2096 -1.1528 -0.5507 -1.3203 -2.5992 0 0 850
6.6635 19.8485 -3.4797 -1.8092 -1.8769 -4.4071 -1.0783 -1.0885 0 0 851
4.5979 19.8192 -2.2577 -2.2228 -0.13539 -3.916 -0.72296 -2.3262 0 0 852
7.629 15.6372 -2.6586 -1.5877 -0.18966 -1.6671 -1.4003 -2.7209 0 0 853
7.4593 19.5393 -0.99007 -0.18366 0.19156 -2.7568 -3.2748 -2.9216 0 0 854
4.4006 17.826 -2.7618 -1.5546 -2.3205 -0.56187 -0.01772 0.094421 0 0 855
7.397 17.6929 0.33901 1.263 -3.564 -1.6604 -0.81879 -1.3074 0 0 856
6.5659 17.1972 -1.6288 -1.1774 1.0122 -2.7717 -1.5801 -2.3583 0 0 857
7.1442 19.6623 -1.1338 -1.3682 -2.0926 -0.18319 -3.1523 -1.4215 0 0 858
7.0379 15.6274 -2.0271 -0.20685 -1.2778 -1.3277 -0.8254 -3.5188 0 0 859
5.4552 19.8909 -2.3538 -3.441 -1.6883 -3.1242 -2.1394 0.16516 0 0 860
7.3247 19.677 -1.2533 -2.6927 -2.799 -2.3258 -1.2009 -1.4539 0 0 861
8.0497 16.8519 -1.9133 -1.5482 -2.839 -1.9973 -0.60253 -2.4638 0 0 862
6.6629 19.5458 -2.5544 -1.221 -1.6123 -0.87146 -1.1142 -1.4207 0 0 863
7.0062 18.4545 -2.2755 -4.1256 -2.7716 -0.029893 -4.1432 -1.8779 0 0 864
7.5263 19.9784 -3.1363 -3.0002 -1.7646 -1.7207 -2.8747 -0.84787 0 0 865
6.7472 17.6212 -2.0307 -2.6356 -1.8882 -2.814 0.448 -1.2042 0 0 866
6.189 17.4244 -2.2415 -0.17623 0.12069 0.48443 -1.9276 -1.268 0 0 867
7.0777 18.7776 -1.4786 -2.4134 -1.5317 0.71796 -1.7305 -3.6136 0 0 868
7.8191 16.314 -3.2655 -2.9734 -1.6934 -0.99078 -1.481 -2.2372 0 0 869
7.3718 19.9919 -1.0187 -1.8548 -1.5101 -2.1364 0.43102 -3.4031 0 0 870
7.1756 18.256 -1.9474 0.33642 -1.5653 -3.7119 -0.17416 -1.6721 0 0 871
5.0929 19.609 -2.9098 -2.6076 -0.64075 -1.2526 -2.2375 -1.2559 0 0 872
5.8849 20.7128 0.16813 -1.643 -2.0792 -2.0304 -3.4049 -0.70134 0 0 873
5.8842 18.6458 -2.0583 -1.0545 -0.17129 -1.8594 -2.0679 -1.2027 0 0 874
5.3098 20.2891 -1.0983 -2.046 -2.0423 -0.4947 -0.96865 -3.2318 0 0 875
5.8634 17.5731 0.57582 -3.9945 -3.3738 -2.7284 -1.6169 0.48378 0 0 876
8.2701 18.4277 -4.5098 -0.85462 -1.7598 -2.2326 -1.6817 -1.6908 0 0 877
10.0636 18.2536 -1.1202 0.38204 0.56149 -1.942 -1.3008 -0.12415 0 0 878
6.1476 18.374 -1.8454 -2.169 -1.0035 -0.75624 -2.6726 -2.2139 0 0 879
8.7914 17.4022 -2.0521 -1.098 -2.7742 -1.7023 -1.1454 -0.82269 0 0 880
6.104 19.6972 -1.6322 -2.0737 -2.6937 -1.2159 -1.089 -1.4045 0 0 881
7.6468 16.8255 -0.32653 -0.67383 -3.8345 -0.88276 -0.16775 -2.1784 0 0 882
6.209 17.1879 -0.80342 -0.64436 -3.6364 -1.2429 -0.081538 -0.4371 0 0 883
4.3184 19.5753 -0.37065 -3.5211 -0.97557 -1.374 -2.3896 -1.5446 0 0 884
6.4015 19.7016 -0.11419 -3.6915 -3.237 0.22356 -0.31635 -2.6673 0 0 885
6.933 17.6586 -2.9392 -2.0234 -1.0186 -1.6991 0.28825 -2.5581 0 0 886
6.2977 18.8049 -1.7043 -1.7802 -1.3762 -1.9206 -1.5007 -0.36698 0 0 887
5.2819 17.6224 -0.2563 -1.4141 -0.9644 0.25135 -0.77829 -1.4555 0 0 888
4.8512 19.5034 -2.0949 -2.0847 -0.69911 -3.4974 -1.641 -0.21567 0 0 889
5.5601 17.9121 -2.9067 -0.92683 -2.6343 -2.4451 -1.6483 -2.6123 0 0 890
5.7978 18.3839 -3.1239 -0.24965 -2.9605 -1.5034 -3.2707 -2.996 0 0 891
5.913 20.9671 -1.3218 -0.86938 -2.6734 -4.2208 -1.04 -3.5065 0 0 892
8.3091 17.4632 -0.17633 -2.04 -0.081479 0.72655 -1.6137 -1.7536 0 0 893
5.9187 19.3952 -1.2589 -0.34805 -2.1271 -1.4845 -1.2145 -3.0119 0 0 894
6.7756 16.7429 -2.1551 -0.85758 -1.619 -1.996 -1.7402 -2.2814 0 0 895
7.0188 20.5435 -3.0813 -1.8831 -0.72508 0.019647 -0.13349 -0.82857 0 0 896
4.8403 18.9697 -1.1072 0.33753 0.90433 0.51167 -2.9918 -2.3677 0 0 897
5.5374 17.8961 -0.9027 -2.3471 -1.4187 -0.22175 0.44423 -2.0565 0 0 898
6.3309 19.3103 -3.8554 -0.73336 -3.8252 -2.6101 -2.0728 -2.5469 0 0 899
6.4813 18.5886 -1.8999 -1.1101 -1.6005 0.072388 -1.5298 -2.8253 0 0 900
4.5665 18.7273 -0.18347 0.15028 -0.76924 -1.5184 -3.7289 -1.8441 0 0 901
5.2176 17.825 -0.39103 -2.6987 -3.2992 -0.8206 -2.0135 -1.4973 0 0 902
6.4589 18.5188 -1.7976 -1.8338 -2.8804 -0.36129 -1.9673 -2.0957 0 0 903
5.7928 16.3457 0.095947 -0.65273 -1.6673 -0.13498 -1.4228 -1.5763 0 0 904
4.2144 18.6636 -1.5054 -1.4393 -1.4885 -0.52666 -1.6835 -3.9997 0 0 905
8.0439 19.454 -1.4683 -2.4601 -1.7462 -2.2063 -2.0725 -3.0716 0 0 906
7.463 17.0715 -0.24388 -1.4022 -2.462 -2.3147 -3.1216 -1.1951 0 0 907
6.0037 18.6457 -2.5236 -1.6419 -0.41275 -2.1953 -2.3139 -2.0169 0 0 908
6.8737 17.8744 -1.4628 -2.7019 -2.5008 -0.80256 1.3918 -0.2683 0 0 909
8.8152 20.1944 -2.5785 -1.1607 -1.5824 -1.9325 -3.0456 -2.4392 0 0 910
7.332 20.3678 0.51915 -2.1584 -3.1125 -3.484 -2.2574 -1.8858 0 0 911
7.0651 18.2581 -3.2943 -4.1354 -2.3397 -2.474 -0.94215 -1.7953 0 0 912
4.3218 17.1737 -3.0042 -1.264 -0.83763 0.30115 -2.2917 -3.3893 0 0 913
7.2145 19.2792 0.5602 -2.5655 0.041844 -1.8024 -2.6731 -0.43052 0 0 914
6.9894 19.9588 -0.72533 -2.6117 -1.5539 -3.4001 -1.6402 -3.8297 0 0 915
5.5303 19.0362 0.062386 -1.4861 -1.2754 -2.6392 -1.6843 -1.1218 0 0 916
5.0682 18.3106 -2.712 -3.0958 -1.5706 -1.964 -2.5895 -2.0554 0 0 917
5.8964 18.2888 -0.25834 -1.9172 -1.1043 -1.0525 -2.1409 -0.89104 0 0 918
6.8029 16.4522 -2.9207 -1.1994 -1.3833 -0.049743 -2.6655 -1.5232 0 0 919
6.9137 18.0563 -1.791 0.64605 0.062767 -0.65551 -3.5959 -2.5064 0 0 920
7.1762 17.6901 -1.1462 -3.4326 -1.8158 -2.1385 -0.98496 -1.3288 0 0 921
3.3956 18.7749 -0.86181 -3.1001 -2.3078 -2.9678 -2.7005 -1.8247 0 0 922
5.5624 17.3126 -2.2015 -3.7356 -1.7626 -0.84481 -1.2779 -3.0012 0 0 923
4.4391 19.8382 -0.29531 -2.4984 -1.3646 -3.9511 -3.1312 0.50644 0 0 924
4.1957 19.7269 -0.87914 -1.4909 -2.8664 0.94324 -1.2413 -3.3434 0 0 925
8.4465 16.323 -2.1545 -1.7598 -2.4814 -1.3863 -1.7228 0.33426 0 0 926
6.5333 16.8731 -1.3194 -1.5607 -3.4124 -2.1888 -1.2994 -1.2848 0 0 927
5.1702 17.8657 -2.3169 -3.3456 -2.5445 -0.29961 -0.59707 -1.7907 0 0 928
5.6727 18.5678 -1.7993 -1.9608 -1.9851 -1.1462 0.26552 -1.9188 0 0 929
8.295 17.5889 -0.41235 -0.40439 -2.6427 -1.7907 -0.64357 -2.7043 0 0 930
6.9997 18.4256 -1.0518 -1.693 -1.1786 -1.5146 -2.2942 -3.7115 0 0 931
5.4771 17.747 -2.0497 -0.12925 -2.9861 -1.8429 -0.4001 -1.4688 0 0 932
5.0528 17.6288 -1.0675 -1.6895 -0.78597 -2.5053 -2.1555 -2.9792 0 0 933
7.1462 19.2854 0.057924 -0.83232 -3.9815 -2.7188 -1.4919 -1.2673 0 0 934
5.3037 18.129 -1.0089 -2.8246 -1.228 -2.0259 -2.8701 -2.3825 0 0 935
4.0215 16.8997 -1.7138 -2.0394 -0.65557 -1.3941 -3.3219 -1.5065 0 0 936
6.0303 18.5117 -1.6189 -1.4411 -1.4866 -2.1593 -2.9155 -1.2887 0 0 937
5.6027 16.4103 -1.5881 -2.7915 -2.7066 -1.0504 -2.8316 -0.67806 0 0 938
6.3902 18.9163 -0.88156 -1.5153 -1.9884 -1.9238 -2.1805 -0.72366 0 0 939
6.6581 17.1555 -1.5063 -0.94515 -0.98055 -2.5222 -1.6583 -3.5126 0 0 940
6.6881 18.8582 -1.8765 -3.0433 -3.7429 -0.92062 -1.4559 -2.009 0 0 941
4.9816 19.1685 -2.8746 -0.86101 -1.1211 -0.77136 -1.8278 -1.3099 0 0 942
4.6757 17.4383 -2.2828 -0.5587 -0.81486 -0.62784 -2.1183 -3.8227 0 0 943
7.352 18.8777 -3.169 -1.8485 -1.8094 -1.6132 -2.4923 -2.4774 0 0 944
6.765 17.9066 -2.2123 -3.5585 -2.6322 -1.209 -1.38 -0.068502 0 0 945
5.5939 17.9954 -1.7583 -1.9332 -1.7322 0.36513 -1.0182 -1.8329 0 0 946
6.5669 15.611 -0.33912 -2.4601 -2.9562 -3.0247 -0.48471 -0.74343 0 0 947
6.7821 18.6446 -3.7444 -2.5882 -1.4767 -4.2234 -3.7894 -2.338 0 0 948
5.8479 18.8862 -3.0439 -0.86967 -0.61008 -2.7135 -1.5215 -1.8186 0 0 949
7.1131 17.8125 -1.8121 -2.0406 -2.6333 -1.8491 -2.8902 0.70427 0 0 950
6.2639 17.2399 -1.7357 -1.2357 -3.9578 -0.70306 -0.54476 -2.4445 0 0 951
7.0341 17.7547 -2.0335 -2.4519 -2.4459 0.34724 -2.5836 -1.8514 0 0 952
6.0416 19.4047 -0.60749 -1.2067 -0.40335 -0.79549 -0.99725 -0.31365 0 0 953
6.8007 17.3674 -1.3516 -1.457 -0.22813 -0.9218 -0.9509 -0.75614 0 0 954
6.252 17.2343 -1.2028 -1.926 -2.6146 -2.1734 -0.58112 -1.739 0 0 955
6.4926 19.4528 -2.0563 -3.3011 -1.4671 -2.9706 -2.1867 -4.4269 0 0 956
7.9892 16.173 -1.8426 -3.2024 -2.1661 -1.8889 -1.7241 -3.6814 0 0 957
7.1758 19.6634 -1.5413 -2.0329 -0.46802 -1.9641 -1.9945 -0.74713 0 0 958
6.1998 18.2012 -0.68063 -1.2759 -2.0621 -2.8524 -0.63672 -1.6537 0 0 959
7.0641 19.1024 -2.3891 0.58006 -1.8333 -0.83932 -1.7225 -3.039 0 0 960
6.5754 18.3638 -0.039104 -0.39328 -1.07 -2.2615 -3.8455 -0.010454 0 0 961
7.7179 19.061 -2.8804 -3.7199 -2.5331 -3.0325 -2.4193 -1.4281 0 0 962
5.6922 17.9181 -1.2759 -0.66546 -3.3701 -2.5182 -2.7514 -3.1294 0 0 963
7.3334 17.5552 -2.5949 -1.3562 -1.6631 -2.9878 -3.3616 -0.4365 0 0 964
5.0379 16.8631 -1.6571 -2.7116 -0.51529 -2.2635 -1.0362 -0.83623 0 0 965
5.2846 17.9016 -2.446 -0.89277 -1.8821 -2.1399 -2.1268 -2.5788 0 0 966
4.2415 16.7374 -1.7411 -0.33096 -2.0133 -1.6675 -1.6841 -1.9818 0 0 967
6.4282 18.5691 -1.3977 -1.0161 -2.3018 -0.46912 -1.065 -3.0262 0 0 968
5.4105 20.0254 -3.3795 -1.6195 -1.36 -3.6354 -0.34994 -0.48294 0 0 969
7.2925 20.5086 -1.5968 -3.9053 -0.86651 -1.0023 -0.43503 -1.1422 0 0 970
6.3268 19.5653 -1.0321 -1.0618 -1.223 -2.7671 -1.9148 -0.21044 0 0 971
6.5206 19.3343 -0.32454 -1.2155 -0.046228 -2.3487 -2.6043 -1.8253 0 0 972
4.7788 19.2859 -1.0335 0.23203 -1.6972 -0.61616 -2.1547 -0.3291 0 0 973
4.8105 16.1631 -1.2614 -1.6679 -2.6961 -0.82036 -2.8138 -2.4526 0 0 974
5.7664 17.5228 0.31172 -0.49944 -1.6441 -2.0493 -0.40236 -2.6454 0 0 975
7.0773 19.5224 -3.7649 -2.3831 -1.9524 -2.2861 -2.0426 0.82575 0 0 976
6.5645 19.3099 -0.6684 -2.5464 -1.9191 -2.0429 -1.8642 0.1753 0 0 977
7.7119 18.6486 -2.5528 -3.0666 -0.9464 -2.5493 -1.8466 -1.7723 0 0 978
5.8566 17.385 -2.104 0.0571 -2.1602 -1.702 -3.5774 -1.8394 0 0 979
8.1136 17.7085 -1.6135 -2.6264 -1.6455 -3.4493 -0.11823 -2.9859 0 0 980
4.5279 18.0595 -0.22853 -0.61376 -0.90787 -0.97131 -2.139 0.13894 0 0 981
6.9988 17.383 -2.0713 -2.3143 -1.6083 -2.6295 -1.5084 -1.2729 0 0 982
7.2378 20.672 -0.14791 -0.80835 -1.3688 -1.3196 -1.3257 -2.61 0 0 983
5.0176 19.6416 -0.99182 -0.47359 1.7339 -1.7945 -2.2839 -0.010027 0 0 984
4.7491 18.592 0.32076 -0.78966 -2.7633 -2.7723 -3.8002 -1.5635 0 0 985
5.1234 19.3629 -2.7873 -0.95933 -0.44506 -2.0648 -1.9178 -2.2439 0 0 986
6.4396 17.3728 -1.7498 -1.4229 -0.075879 0.20317 -1.7582 -1.4504 0 0 987
4.8148 18.5783 -2.3944 -1.7476 0.71947 -1.0488 -1.9858 -1.2986 0 0 988
5.8296 18.5284 -2.5585 -2.2765 -3.3445 -2.023 -1.6497 -2.464 0 0 989
4.765 18.7797 -2.1845 -2.9818 -1.8936 0.18422 -0.92072 -2.8677 0 0 990
6.2415 16.3393 -2.413 -0.98742 -4.0842 1.5114 -1.5871 -1.756 0 0 991
6.1288 19.2339 -2.5062 -2.0924 -2.2047 -2.527 1.0938 0.24491 0 0 992
6.4417 18.0219 -1.4626 -1.6004 -0.75043 -2.0329 -2.8117 -1.1298 0 0 993
6.4866 19.1896 -1.7729 -2.0018 -1.7127 -2.4256 1.0108 -1.2149 0 0 994
8.0089 17.2509 -2.5316 -1.6101 -1.4662 -1.6047 -2.9098 -2.3138 0 0 995
5.2484 19.2926 -2.9931 -3.3519 -2.4608 -3.0303 -2.1769 -1.4798 0 0 996
5.3979 17.6421 -2.1919 -3.6252 -2.9659 -1.9388 -0.63779 -2.3583 0 0 997
7.2346 18.3198 -1.0491 -2.7807 -3.344 -2.1415 -0.57209 -2.786 0 0 998
5.8636 17.5711 -2.5036 -3.1829 -3.8988 -3.2037 -3.402 -0.53761 0 0 999
6.3717 19.9218 -1.9332 -2.7995 -2.1992 -3.8873 -2.1369 -2.7081 0 0 1000
6.7154 16.5414 -1.0186 -1.8613 -1.7866 -1.0324 -2.8903 -0.20704 0 0 1001
6.8468 17.1855 -3.1759 -1.6909 0.34297 -2.5301 -1.3064 -1.1529 0 0 1002
7.6657 18.0828 -0.94226 -1.6725 -1.0351 -2.9377 -2.9151 -1.3954 0 0 1003
7.54 17.549 -1.6081 -0.65463 0.2071 -1.2271 -2.1077 -1.6044 0 0 1004
4.2711 16.8047 -2.8964 -0.89732 -3.3668 -3.0408 -0.42933 -1.6815 0 0 1005
5.407 17.4919 -0.78632 0.084759 -0.049756 0.36017 -1.7221 -2.1717 0 0 1006
6.5958 18.8783 -1.0554 -2.111 -1.27 -3.1276 -0.95892 -2.0538 0 0 1007
9.0401 20.8068 1.9876 1.0721 2.706 2.191 1.4343 2.2894 0 0 1008
9.0125 23.1937 1.2856 -1.2065 0.41224 -0.42426 1.5886 1.0416 0 0 1009
8.8818 22.8054 1.1097 2.3914 0.97559 2.2383 1.3188 1.7785 0 0 1010
9.7858 22.8768 1.5049 2.6665 1.794 2.1297 1.4583 0.40488 0 0 1011
9.427 19.451 1.7513 2.0279 1.6272 0.96636 1.1811 0.74663 0 0 1012
10.4927 21.3675 0.29022 0.70548 1.1318 0.60172 1.5723 2.745 0 0 1013
9.3302 21.2333 2.2605 0.94941 -0.027126 1.0239 1.502 3.156 0 0 1014
12.255 22.5045 2.0847 -0.41829 2.5383 0.52721 0.80754 1.1119 0 0 1015
10.6259 22.7754 -1.6511 2.622 1.0154 1.3699 2.8096 1.7322 0 0 1016
8.1786 22.5077 3.3116 1.8176 1.6425 0.16229 1.3843 1.6035 0 0 1017
10.6478 21.4889 0.34873 2.9771 2.2241 2.2575 1.8622 1.8264 0 0 1018
10.5605 21.6201 1.243 2.5052 0.79944 3.23 1.7088 2.1759 0 0 1019
9.8179 21.003 3.4287 1.0834 1.5371 2.8088 0.18494 2.6537 0 0 1020
9.7821 22.1495 0.29488 0.63262 -0.24236 0.71456 3.1849 2.5051 0 0 1021
8.2624 21.3885 2.1806 0.50845 1.3427 3.5318 1.4581 0.9276 0 0 1022
8.8147 21.7404 3.6163 2.7616 0.8468 1.237 2.5583 1.9017 0 0 1023
9.5916 22.4101 4.3342 3.0692 1.5837 0.76583 2.6327 0.36476 0 0 1024
12.0451 23.5623 2.6779 2.3526 1.8465 2.6916 0.53605 2.6851 0 0 1025
9.1895 21.7914 1.8117 1.1712 0.32566 1.5312 2.1318 3.0458 0 0 1026
10.348 21.5142 1.3408 0.16706 0.80916 1.5099 0.22195 0.99961 0 0 1027
9.8889 21.157 1.0779 2.4159 0.097405 1.901 2.0451 2.7218 0 0 1028
8.9267 21.0981 1.0629 2.2988 1.5483 1.2968 2.4794 2.5326 0 0 1029
9.5946 20.9518 1.2461 0.096417 1.4465 0.25176 2.5692 1.0476 0 0 1030
9.0312 19.795 2.4109 2.4464 1.4059 1.4408 1.6729 0.29383 0 0 1031
8.5587 21.8579 1.4472 0.98485 0.88445 1.8472 2.7519 2.4269 0 0 1032
9.4685 21.7457 1.3623 4.0994 0.48195 0.35621 0.70235 1.0097 0 0 1033
10.5269 23.205 1.4835 1.2074 0.6407 1.8183 0.1547 2.249 0 0 1034
9.2858 21.8558 0.86677 -0.96573 1.6234 -0.55716 1.99 0.036648 0 0 1035
9.0488 22.2125 2.2534 0.39903 2.6632 2.3623 2.0548 2.0262 0 0 1036
11.3289 22.7751 2.9518 2.0237 2.7464 2.2341 0.35462 2.0331 0 0 1037
10.6715 19.6123 0.8182 3.5715 1.6574 1.0944 0.083012 3.5201 0 0 1038
10.5378 21.45 1.6707 2.6882 1.7109 0.69798 1.0835 1.723 0 0 1039
9.0614 21.8886 2.2055 2.0479 0.15301 2.5482 1.9728 3.4249 0 0 1040
9.4406 21.496 1.2591 1.8688 2.2681 2.3834 2.7681 0.24561 0 0 1041
8.2234 22.5406 2.9432 4.3089 0.96249 3.8219 0.82782 1.3703 0 0 1042
9.3192 19.3808 0.31712 2.6871 3.1109 3.3016 2.0804 -0.25495 0 0 1043
9.9786 23.4202 -0.72125 1.5583 4.0427 2.2965 2.0299 1.0252 0 0 1044
11.1631 20.5999 2.513 4.2818 2.1105 0.92799 2.8053 1.6255 0 0 1045
9.4748 21.5133 1.9437 2.405 0.55368 0.32774 0.8303 4.3123 0 0 1046
8.8811 21.7485 1.5798 2.6807 2.4865 0.27602 1.33 2.5796 0 0 1047
9.0212 22.32 2.8768 2.4236 1.9124 3.1505 2.2443 -0.15864 0 0 1048
8.8225 22.8186 2.2935 1.8401 2.8837 3.3432 0.42372 2.4017 0 0 1049
8.4542 22.1357 0.46539 1.3636 1.6025 0.037317 -0.073512 2.6407 0 0 1050
9.8313 21.1752 1.9125 2.439 2.7492 1.4324 -0.5347 0.63226 0 0 1051
10.8893 21.544 1.742 1.765 -0.055858 3.7574 0.13617 1.4758 0 0 1052
9.4599 21.2936 0.24647 2.167 1.565 0.63286 2.4424 1.5941 0 0 1053
10.1035 22.139 1.2816 -0.037258 2.1862 2.4445 3.1632 1.8726 0 0 1054
9.4596 22.2844 2.256 2.3803 3.0971 1.2961 3.1959 0.34073 0 0 1055
8.1844 21.2135 1.8768 1.9115 1.8404 0.24832 0.95304 -0.75007 0 0 1056
9.7135 21.3002 1.2882 1.3009 1.4831 0.56056 1.3363 2.1744 0 0 1057
8.848 24.4726 4.0911 2.4551 2.9347 2.1525 0.085872 4.0062 0 0 1058
10.3029 21.4246 2.5514 3.5702 0.88085 3.1482 -0.26427 1.3358 0 0 1059
10.096 21.552 0.43902 1.4363 2.6427 0.69725 1.2933 1.8299 0 0 1060
9.2293 21.0565 0.11718 2.0772 0.54427 1.8436 2.4391 2.1898 0 0 1061
9.0799 21.1222 2.997 1.6783 2.2514 0.55072 1.0126 3.459 0 0 1062
10.4951 22.3459 1.7625 1.2635 2.8575 0.92005 0.98719 1.288 0 0 1063
10.1943 20.6996 2.4957 2.9305 1.4273 1.8287 1.7598 0.96143 0 0 1064
9.1787 22.8383 1.9783 2.3189 3.4075 0.21576 0.67985 3.0012 0 0 1065
9.0754 21.1651 1.3595 1.6616 0.62896 0.4067 0.68022 1.6692 0 0 1066
11.5913 22.091 2.7461 3.0005 0.67398 0.6246 2.8877 2.6256 0 0 1067
9.0613 21.0559 -0.35926 2.5048 2.2527 1.9299 1.3889 1.9514 0 0 1068
8.8879 21.2682 0.6133 1.0324 2.5592 2.0407 1.6898 2.1609 0 0 1069
8.4726 19.8489 -0.77365 1.313 1.2205 0.15969 -0.96993 1.3463 0 0 1070
7.5879 20.9119 3.3284 1.8456 0.98606 2.9857 0.064493 1.3076 0 0 1071
10.447 20.5878 1.2341 2.5868 4.4375 1.0383 3.6933 4.7159 0 0 1072
9.8443 22.421 1.355 0.079428 2.3406 4.3029 -0.17588 2.1004 0 0 1073
9.412 21.967 0.90155 1.6555 3.3535 -0.16956 1.0181 1.4422 0 0 1074
9.591 19.8026 -2.0935 3.1734 0.68315 2.5605 2.3672 -0.17653 0 0 1075
9.7126 21.6958 2.2685 2.301 -0.4576 2.0336 2.697 2.0476 0 0 1076
11.2891 21.0327 1.6096 2.1791 1.9812 3.3091 1.16 3.8965 0 0 1077
9.9038 20.9141 2.1814 0.42412 2.0771 2.8516 1.3452 3.2301 0 0 1078
9.7383 20.3798 0.89156 1.7931 2.2573 -0.46898 1.6892 0.97155 0 0 1079
10.7262 20.4754 1.7265 1.4048 1.9322 1.6868 2.7412 0.38791 0 0 1080
8.3108 21.8446 1.8173 -0.51259 2.417 2.964 1.0786 0.27623 0 0 1081
9.9758 19.6241 1.4036 1.485 4.1956 0.83584 1.0001 1.7215 0 0 1082
7.5411 21.3686 3.6311 2.0337 0.21328 1.5556 3.3353 1.3994 0 0 1083
8.3081 21.1746 1.4139 1.4701 -0.20455 3.2881 0.96086 0.19174 0 0 1084
11.1084 22.632 0.85685 1.7044 0.71185 2.1499 1.4383 1.0272 0 0 1085
10.4704 21.7525 -0.60523 2.036 3.5217 1.5093 0.60975 1.6996 0 0 1086
8.7619 19.6417 -0.9863 0.55279 1.3428 2.4744 1.271 4.3552 0 0 1087
10.319 20.9776 3.2007 0.74775 0.32944 0.017627 1.4825 1.7444 0 0 1088
8.6044 20.7558 3.1596 0.72552 2.1083 1.2961 1.5407 1.0018 0 0 1089
9.1315 22.6976 0.54091 1.2395 1.8854 1.6206 1.88 4.0438 0 0 1090
9.3404 21.4775 2.0837 -0.067023 1.406 0.24567 2.3448 0.70668 0 0 1091
10.7096 21.574 2.3774 1.6878 2.2859 1.7112 2.01 3.1612 0 0 1092
11.4663 21.6435 1.9979 2.5973 2.0936 2.3995 1.5243 1.1439 0 0 1093
9.0783 22.1618 0.40501 0.87921 2.3472 0.16243 3.4404 0.6037 0 0 1094
9.8613 21.5962 2.0452 2.0265 2.9765 1.1825 2.4714 0.30068 0 0 1095
8.5425 20.5492 0.63254 1.7601 0.43872 1.9211 -0.49343 1.257 0 0 1096
8.7903 22.443 1.9609 -0.0075993 2.2726 2.3515 2.2798 1.7879 0 0 1097
9.2472 20.6535 2.4965 0.04949 1.2698 4.0626 0.95905 1.6067 0 0 1098
8.9958 22.1277 1.2117 1.6448 2.0567 2.3501 1.128 2.5235 0 0 1099
11.0018 20.9279 1.8014 1.3153 3.3916 -0.20959 2.6062 3.7613 0 0 1100
7.3778 22.5194 1.059 0.71144 2.6981 0.9776 0.66184 2.2326 0 0 1101
9.7533 23.1251 1.8692 -1.2666 1.1612 0.70328 0.32263 0.96875 0 0 1102
10.6112 22.1799 0.46205 0.45988 3.0034 1.2541 2.2751 1.6027 0 0 1103
8.5823 20.8559 -0.14978 0.89635 2.9783 1.3438 1.8477 2.4765 0 0 1104
8.1712 22.01 1.4713 1.3192 -1.3601 1.4948 -0.57435 1.2862 0 0 1105
8.6646 22.3036 1.6066 -0.01384 3.2149 0.86869 0.97733 1.367 0 0 1106
7.6773 21.7497 2.7848 1.6079 0.82659 -0.15221 1.0432 1.784 0 0 1107
11.5819 22.3142 1.0906 1.5987 1.9699 2.664 3.761 1.2004 0 0 1108
10.8658 22.1718 4.6394 3.9043 0.4824 3.3293 0.59898 1.8381 0 0 1109
8.6735 21.8083 3.0296 0.89436 0.73257 1.5385 1.1798 -0.021448 0 0 1110
9.8017 22.8406 2.4788 2.8046 2.3231 0.34103 2.9399 1.3589 0 0 1111
9.6451 23.0492 3.1353 2.2455 2.0051 -0.49028 3.2046 2.1341 0 0 1112
7.7174 20.1299 1.1235 1.657 4.1682 2.1248 -0.069682 2.2061 0 0 1113
9.8056 20.0625 -0.90081 0.19392 1.3954 1.0777 2.1964 1.6165 0 0 1114
10.5101 22.5737 1.1826 2.6522 2.5018 0.29516 1.9515 1.0504 0 0 1115
9.6263 22.0048 0.54815 1.9446 2.5494 1.1538 2.6767 2.487 0 0 1116
10.5376 22.0832 2.9137 0.62876 1.9949 2.075 3.1096 1.8686 0 0 1117
10.6627 21.6329 3.9886 2.3675 3.04 -0.16559 0.51401 1.3547 0 0 1118
10.369 20.9594 1.3548 3.3022 1.8243 1.1937 1.2424 1.6519 0 0 1119
7.4015 23.2654 1.1059 1.5152 1.3654 3.8268 0.13371 2.3107 0 0 1120
10.1646 21.7558 3.8616 1.6564 1.923 0.047252 1.0331 1.3273 0 0 1121
10.3498 22.9171 4.0553 0.77734 -0.035265 2.0895 0.88491 2.7266 0 0 1122
9.1779 22.4115 0.85915 2.2363 2.6725 1.9328 1.4345 1.7342 0 0 1123
9.259 22.9706 1.6407 2.487 2.2117 4.2159 -0.026464 1.5355 0 0 1124
9.1325 22.2329 1.8368 0.56347 1.7219 0.3729 1.9698 1.1894 0 0 1125
7.069 20.3838 3.2337 2.1861 1.576 2.3245 0.78574 3.1037 0 0 1126
8.2203 22.2609 0.61307 2.6973 -0.15071 0.8868 1.9234 1.8978 0 0 1127
10.0556 22.0362 4.5943 -0.35988 0.67488 0.088003 2.5498 0.58107 0 0 1128
10.2663 19.7783 3.6696 2.1059 0.16309 1.4783 0.9922 1.2877 0 0 1129
10.6695 22.4716 -0.56571 1.6324 1.7536 -0.11342 3.2632 1.4867 0 0 1130
9.5708 19.2181 -0.036458 1.6563 1.513 0.34465 2.2292 1.6439 0 0 1131
9.1536 20.8871 1.8872 1.9445 3.2021 0.70824 1.6842 0.68299 0 0 1132
10.5678 21.7226 1.7574 0.69031 -0.23344 0.94034 0.48485 1.9296 0 0 1133
9.2778 22.7441 0.31983 0.7891 2.0927 1.968 0.20177 1.2159 0 0 1134
10.8277 22.6386 2.6788 1.8803 1.0598 1.7383 1.4953 0.41531 0 0 1135
10.1775 24.1948 0.99657 1.9244 1.299 1.5126 0.57247 1.3151 0 0 1136
8.6293 21.7639 1.6951 1.6487 3.312 0.84154 4.5092 1.9903 0 0 1137
10.448 22.3109 2.5886 3.721 -1.9194 2.3448 2.7165 1.6867 0 0 1138
10.9555 21.9481 0.79577 2.2667 3.4776 1.6701 1.6268 0.67308 0 0 1139
8.847 20.3885 1.1353 1.287 2.6811 3.5275 0.10741 1.2921 0 0 1140
10.5014 20.9024 -1.4958 1.5751 0.82437 1.7286 2.2251 2.299 0 0 1141
9.927 22.4347 2.7601 -0.049559 0.25877 0.7566 1.9486 2.554 0 0 1142
10.3251 21.9921 0.88018 1.7481 3.1155 2.1725 2.8054 0.75596 0 0 1143
11.8717 21.4138 1.4546 1.7482 1.8997 1.7792 0.20173 0.73972 0 0 1144
9.7259 20.6552 1.2161 2.7384 0.71203 1.585 2.116 0.48601 0 0 1145
11.954 22.7067 2.2292 0.84757 1.8369 1.7053 1.1772 -0.14526 0 0 1146
9.9143 20.4518 1.1195 0.69304 1.9091 1.971 1.2095 0.33337 0 0 1147
9.0138 22.4643 2.9997 0.94728 2.2406 3.0218 0.22683 0.49503 0 0 1148
9.4447 24.5697 1.5503 0.44124 0.23567 2.7682 1.0937 2.6044 0 0 1149
8.8774 21.3919 1.8626 3.1505 0.35954 0.94475 2.5954 1.226 0 0 1150
8.7064 22.6933 3.5525 1.6356 1.0298 2.5568 1.5733 3.2903 0 0 1151
9.2971 21.4202 2.4635 3.1828 0.97255 2.6999 3.4727 2.4994 0 0 1152
8.2075 22.9385 2.8494 1.7542 0.84576 1.4728 3.705 1.0215 0 0 1153
10.2174 21.4662 0.81916 3.3011 2.9552 2.3269 1.901 0.56142 0 0 1154
9.5367 18.2678 -0.43639 1.8309 2.14 0.16737 2.2392 4.433 0 0 1155
9.7413 19.6828 1.7589 1.5872 2.4422 2.4859 2.3773 -0.13601 0 0 1156
9.3801 22.1149 3.3041 1.5889 1.9361 2.3726 3.312 1.2073 0 0 1157
10.4162 19.2491 0.028001 1.5845 1.5388 2.146 0.17715 2.351 0 0 1158
10.4804 22.3178 1.7268 0.92187 2.1372 3.5438 0.74759 3.2459 0 0 1159
10.1461 22.1512 0.31978 1.9553 1.3074 0.40156 1.6889 2.9694 0 0 1160
9.7748 21.7516 1.9001 -0.4717 1.5431 1.1463 0.51503 -0.069495 0 0 1161
10.2904 20.2569 1.7859 0.49628 1.4928 2.2983 2.9242 1.8536 0 0 1162
10.1705 20.5436 0.7939 0.53901 0.64621 0.58819 2.9023 3.3026 0 0 1163
8.5262 22.3097 1.5321 2.1761 2.5153 0.25111 0.78419 2.005 0 0 1164
7.2509 21.9612 0.74361 2.4454 -0.32876 2.066 2.6831 1.888 0 0 1165
10.8372 22.2445 0.96397 0.23587 2.1066 1.4075 2.8733 1.052 0 0 1166
8.9279 21.1019 1.5513 -0.52709 2.0753 3.1628 1.2586 1.722 0 0 1167
11.3861 23.5394 3.0644 0.60677 2.1193 2.3549 1.4076 1.4863 0 0 1168
11.1185 21.0707 2.4032 2.3278 2.7331 1.5987 2.1402 2.0544 0 0 1169
10.874 21.0895 2.8194 3.6214 1.411 1.2351 0.57265 1.2423 0 0 1170
9.3129 21.2727 2.4285 -1.1602 1.2159 2.691 0.7637 2.3731 0 0 1171
10.4456 21.6923 0.63362 1.6366 1.809 1.1873 1.9633 0.56213 0 0 1172
10.8986 19.8775 4.5848 0.94497 3.0615 0.049447 3.0353 1.7151 0 0 1173
11.2374 21.1571 -1.4354 1.3939 2.6119 2.2559 2.094 3.2939 0 0 1174
10.5182 23.5598 2.6065 1.763 2.8111 1.0072 3.432 1.1633 0 0 1175
9.2491 21.1253 0.84514 2.5098 2.4451 1.7736 2.3946 0.10672 0 0 1176
9.4303 21.2309 0.94594 1.9281 3.1644 2.01 1.5392 1.5971 0 0 1177
10.5983 20.7435 1.961 1.606 0.6551 0.75847 1.2438 0.75497 0 0 1178
9.4543 23.1953 1.1045 2.9024 2.2785 1.2752 2.8828 2.871 0 0 1179
11.1494 23.2218 2.4603 0.03891 0.59165 3.8746 1.4259 2.4825 0 0 1180
10.115 21.9523 1.066 2.4266 1.7903 3.8344 2.5194 1.9127 0 0 1181
9.639 23.6056 1.9765 3.0548 2.3122 -0.022843 0.44211 1.177 0 0 1182
7.7363 21.6726 1.9526 2.4325 -0.45497 1.3675 1.9753 2.4377 0 0 1183
9.9063 22.4411 1.7561 3.5339 1.6961 1.7835 1.3422 1.4925 0 0 1184
10.0455 19.5303 1.0133 0.36398 0.49718 3.5003 1.2227 -0.05556 0 0 1185
9.4868 21.8567 -1.3495 3.36 0.59329 3.2462 1.3067 1.5281 0 0 1186
12.2473 22.6143 2.404 1.1084 2.5568 3.9157 2.2857 1.8718 0 0 1187
9.7349 22.7235 1.5541 2.0427 1.6011 2.2326 1.7961 2.7431 0 0 1188
10.3947 20.0201 2.0964 2.0896 1.5804 1.0254 2.4229 -0.56313 0 0 1189
10.4108 22.8514 2.8805 2.2375 2.503 1.1559 2.2891 0.50831 0 0 1190
9.5152 21.9427 2.4147 3.6667 1.2229 3.8365 1.5051 -0.77386 0 0 1191
9.2131 23.3388 2.6174 2.8424 0.43224 0.99353 1.2325 0.95157 0 0 1192
9.0354 22.301 1.7144 2.2842 0.89481 2.8055 3.9324 1.5712 0 0 1193
9.8246 20.1257 0.80815 1.4676 0.31615 1.4294 2.4979 2.3041 0 0 1194
8.8479 19.5471 2.169 1.2154 2.8438 -1.9885 1.702 1.9077 0 0 1195
9.2198 19.371 1.8652 1.1616 -0.23393 1.2419 2.3377 1.0278 0 0 1196
8.1149 23.0055 3.0313 2.732 1.6287 1.288 2.3817 1.8267 0 0 1197
11.1517 22.4196 -0.38139 1.9678 1.3701 3.8189 4.1108 2.957 0 0 1198
8.6953 23.7507 1.6228 1.263 2.7347 0.73141 4.03 0.75569 0 0 1199
9.9048 21.5261 2.1706 0.77218 2.6035 0.73219 1.4205 1.86 0 0 1200
10.1242 21.7823 -0.16779 2.3228 2.1073 0.83061 2.2769 2.3681 0 0 1201
8.4544 20.4208 1.5194 1.9667 0.62559 2.546 2.5096 2.3967 0 0 1202
7.9078 21.4225 4.1654 1.9306 1.0999 1.802 2.0214 2.1304 0 0 1203
11.8405 21.2734 1.454 2.8528 2.8403 0.33612 2.7444 1.7325 0 0 1204
9.5323 21.103 2.0632 1.8134 0.94967 3.101 2.36 1.0107 0 0 1205
10.3159 22.2447 2.3561 0.26991 2.1332 0.62334 1.3717 3.44 0 0 1206
9.9766 22.1936 0.84321 3.5711 0.69289 3.2064 0.96755 2.1665 0 0 1207
9.3502 21.6412 2.7546 1.6849 2.7733 1.4244 2.1963 2.1897 0 0 1208
8.8887 20.4858 2.3369 0.16245 1.1583 2.06 4.1898 2.0283 0 0 1209
