$TYPE vec
$XDIM 214
$YDIM 1
$VEC_DIM 9
0.0 14.09 0.0 1.66 9.32 1.52 72.67 2.19 0.0 180
0.48 13.89 0.0 1.36 7.83 1.52 72.73 3.6 0.0 2
0.18 13.48 0.0 0.9 9.61 1.52 72.01 3.74 0.07 65
0.58 12.61 0.0 1.31 8.5 1.52 73.29 3.59 0.0 15
0.55 13.27 0.0 1.24 8.07 1.52 73.08 3.62 0.0 5
0.64 12.79 0.0 1.62 8.07 1.52 72.97 3.61 0.26 6
0.58 13.3 0.0 1.14 8.17 1.52 73.09 3.6 0.0 7
0.39 13.98 0.0 1.63 10.56 1.52 71.76 1.35 0.18 130
0.56 14.04 0.0 1.37 8.3 1.52 72.08 3.58 0.0 9
0.03 14.77 0.0 0.29 9.0 1.52 72.02 3.75 0.0 22
1.1 14.25 0.0 2.08 7.08 1.51 72.28 3.09 0.0 85
0.04 14.2 0.4 2.79 9.04 1.52 73.46 0.0 0.09 193
0.62 12.73 0.0 1.19 8.76 1.52 72.95 3.43 0.3 45
0.0 14.75 1.59 2.0 8.53 1.52 73.02 0.0 0.08 194
0.65 13.3 0.0 1.53 8.03 1.52 72.53 3.64 0.29 119
0.58 12.81 0.0 1.23 8.39 1.52 73.24 3.54 0.0 16
0.61 12.68 0.0 1.16 8.7 1.52 73.11 3.67 0.0 17
0.15 14.36 0.0 0.89 9.15 1.52 71.36 3.85 0.0 18
0.06 13.9 0.0 1.18 8.89 1.52 72.12 3.73 0.0 19
1.76 13.69 1.19 1.81 5.43 1.51 72.81 3.2 0.0 186
0.68 13.33 0.0 1.61 8.11 1.52 72.54 3.54 0.0 141
0.0 14.15 0.0 2.09 10.88 1.52 72.74 0.0 0.0 183
0.19 13.7 0.0 1.36 13.44 1.53 71.24 0.0 0.1 132
0.62 12.81 0.0 1.35 8.59 1.52 73.02 3.57 0.0 24
0.69 12.88 0.0 1.4 8.05 1.52 73.28 3.43 0.24 13
0.08 13.8 0.0 0.66 11.64 1.53 70.57 3.15 0.0 104
0.65 12.87 0.0 1.64 7.99 1.52 73.14 3.56 0.0 140
0.67 13.09 0.0 1.52 7.83 1.52 73.1 3.59 0.0 73
0.76 14.86 0.0 2.06 9.76 1.52 70.26 2.2 0.0 189
0.76 12.85 0.24 2.17 9.7 1.52 72.18 1.61 0.51 175
0.61 12.65 0.0 1.3 8.69 1.52 73.08 3.56 0.14 31
0.56 12.84 0.0 1.14 8.55 1.52 73.27 3.5 0.0 32
0.08 13.83 0.0 1.17 10.79 1.52 71.15 2.9 0.0 105
0.6 12.8 0.0 1.27 8.56 1.52 73.01 3.66 0.0 12
0.59 13.42 0.0 1.22 8.32 1.52 72.69 3.4 0.0 154
0.57 13.19 0.0 1.18 8.83 1.52 72.72 3.37 0.16 47
0.55 13.49 0.0 1.35 9.0 1.52 71.95 3.48 0.0 46
0.64 12.74 0.0 1.35 8.68 1.52 72.96 3.48 0.0 38
0.0 13.79 0.0 1.19 9.77 1.52 72.76 2.41 0.0 178
0.56 12.45 0.0 1.29 9.06 1.52 73.7 2.71 0.24 56
0.0 14.7 0.66 2.34 8.95 1.52 73.28 0.0 0.0 198
0.64 13.72 0.0 1.81 7.88 1.52 72.06 3.68 0.0 118
0.59 13.21 0.0 1.33 8.59 1.52 72.76 3.39 0.0 43
0.0 14.8 1.71 1.99 8.28 1.52 73.11 0.0 0.0 204
0.66 13.44 0.0 1.54 8.03 1.52 72.39 3.61 0.0 77
0.57 13.15 0.0 1.05 8.24 1.52 73.24 3.61 0.0 8
0.57 13.46 0.0 1.26 8.21 1.52 72.55 3.83 0.14 114
0.23 13.12 0.0 0.9 9.82 1.52 72.2 3.58 0.16 69
0.13 13.21 0.0 0.79 10.02 1.52 71.99 3.77 0.0 49
0.11 14.03 0.0 0.58 9.65 1.52 71.79 3.76 0.0 158
0.58 13.25 0.0 1.32 8.42 1.52 72.4 3.76 0.0 121
0.6 13.2 0.0 1.28 9.14 1.52 72.36 3.33 0.11 52
0.55 13.43 0.0 1.19 9.03 1.52 72.84 2.87 0.0 53
0.09 13.69 0.0 1.12 9.4 1.52 71.96 3.59 0.0 66
0.51 13.21 0.0 1.29 9.02 1.52 72.98 2.81 0.09 55
0.16 13.64 0.15 0.75 8.89 1.52 72.65 3.54 0.24 162
0.0 14.17 0.0 0.78 9.69 1.52 71.35 3.81 0.0 64
0.56 13.24 0.0 1.38 8.44 1.52 72.7 3.57 0.1 149
0.54 13.2 0.0 1.15 8.52 1.52 72.75 3.68 0.0 125
0.72 13.02 0.0 1.54 7.9 1.52 73.11 3.56 0.0 75
0.0 14.32 0.0 0.83 9.49 1.52 71.5 3.9 0.0 152
0.61 12.86 0.0 1.31 8.79 1.52 72.61 3.58 0.0 155
2.7 11.95 0.0 1.19 8.93 1.52 75.18 0.0 0.0 202
0.39 13.53 0.0 1.54 7.78 1.52 72.99 3.55 0.0 3
6.21 13.0 0.0 3.02 6.93 1.51 70.7 0.0 0.0 173
0.55 13.14 0.0 1.28 9.07 1.52 72.85 2.84 0.0 54
0.19 13.05 0.0 0.87 9.85 1.52 72.22 3.65 0.17 67
0.19 13.05 0.0 0.87 9.85 1.52 72.32 3.65 0.17 68
0.65 12.98 0.0 1.21 8.53 1.52 73.0 3.54 0.0 26
0.0 14.0 0.0 1.56 9.57 1.52 72.37 2.39 0.0 177
1.68 14.01 2.2 3.5 5.87 1.52 69.89 2.68 0.0 164
0.54 13.64 0.0 1.27 8.32 1.52 71.96 3.87 0.32 72
0.64 12.93 0.0 1.11 8.96 1.52 72.28 3.74 0.22 91
0.61 13.34 0.0 1.57 7.89 1.52 72.87 3.57 0.0 74
0.0 17.38 0.0 0.34 6.65 1.51 75.41 0.0 0.0 185
0.69 13.02 0.0 1.51 7.96 1.52 73.12 3.58 0.0 76
0.69 12.86 0.0 2.12 7.97 1.52 72.66 3.52 0.0 81
0.61 13.0 0.0 1.54 8.04 1.52 72.83 3.58 0.0 78
0.0 14.95 0.67 2.27 8.71 1.52 73.3 0.0 0.0 205
0.54 13.02 0.0 1.69 8.44 1.52 72.73 3.54 0.07 20
0.56 13.33 0.0 1.54 8.99 1.52 72.14 3.34 0.0 161
0.0 13.88 0.76 1.79 8.67 1.52 73.1 1.78 0.0 191
0.38 12.64 0.0 1.65 11.53 1.52 73.75 0.0 0.0 168
0.68 13.09 0.0 1.55 8.05 1.52 72.87 3.52 0.09 84
0.67 12.72 0.0 1.56 8.09 1.52 73.2 3.46 0.24 11
0.39 13.24 0.0 1.47 8.22 1.52 73.1 3.34 0.0 94
0.38 13.24 0.0 1.47 8.03 1.52 73.25 3.49 0.0 87
0.0 14.94 1.38 1.87 8.67 1.52 73.11 0.0 0.0 207
0.6 13.01 0.0 1.48 8.12 1.52 72.89 3.5 0.0 89
0.63 12.55 0.0 1.87 8.08 1.52 73.23 3.48 0.09 90
0.64 12.93 0.0 1.62 8.03 1.52 72.96 3.54 0.21 122
0.44 12.9 0.0 1.45 8.27 1.52 73.06 3.44 0.0 92
0.07 13.12 0.0 1.58 8.39 1.52 73.26 3.41 0.19 93
0.12 12.3 0.0 1.0 16.19 1.53 70.16 0.0 0.24 108
0.67 12.71 0.0 1.49 8.24 1.52 73.28 3.33 0.0 95
0.51 13.36 0.0 1.43 8.6 1.52 72.26 3.43 0.0 96
0.64 13.02 0.0 1.06 9.13 1.52 72.34 3.62 0.15 97
0.61 13.25 0.0 1.43 7.86 1.52 73.17 3.45 0.0 82
0.73 12.67 0.0 1.71 8.54 1.52 73.21 2.88 0.0 99
0.6 12.96 0.14 1.43 8.79 1.52 72.92 2.96 0.0 100
0.57 12.75 0.11 1.44 8.79 1.52 73.27 2.85 0.22 101
0.7 12.35 0.0 1.63 9.23 1.52 72.87 2.72 0.0 102
0.32 13.44 0.0 1.58 12.24 1.52 72.22 0.0 0.0 171
0.37 13.92 0.0 1.25 7.94 1.52 72.88 3.52 0.14 79
0.59 13.58 0.0 1.23 8.91 1.52 72.08 3.35 0.0 50
0.51 13.89 0.11 1.32 8.78 1.52 71.81 3.53 0.0 37
0.58 10.73 3.15 2.1 13.3 1.53 69.81 0.0 0.28 107
0.62 12.2 0.0 1.16 8.9 1.52 73.55 3.25 0.24 98
0.1 14.43 0.0 1.0 11.52 1.52 72.67 0.0 0.08 109
0.02 13.99 0.0 0.71 9.82 1.53 71.57 3.7 0.1 48
0.57 13.5 0.0 1.63 8.81 1.52 71.94 3.36 0.09 160
0.45 13.36 0.0 1.49 8.21 1.52 72.72 3.58 0.0 86
0.06 12.64 0.0 0.67 14.4 1.53 72.02 0.0 0.0 113
0.14 13.6 0.0 1.11 8.76 1.52 72.64 3.62 0.0 61
0.6 13.1 0.0 1.19 8.43 1.52 72.44 3.97 0.0 115
0.51 13.41 0.0 1.33 8.28 1.52 72.38 3.89 0.0 116
0.55 13.24 0.0 1.41 8.31 1.52 72.33 3.9 0.1 117
0.59 12.71 0.0 1.2 8.64 1.52 73.2 3.42 0.0 42
0.61 12.89 0.0 1.57 8.11 1.52 72.96 3.62 0.0 138
0.64 13.56 0.0 1.47 7.96 1.52 72.45 3.57 0.0 120
0.09 13.72 0.0 0.51 10.06 1.52 71.75 3.72 0.16 51
1.41 14.39 2.88 1.82 6.47 1.52 72.86 0.0 0.0 208
0.64 12.79 0.0 1.12 8.77 1.52 73.03 3.5 0.0 41
0.5 13.38 0.0 1.15 8.43 1.52 72.85 3.5 0.0 25
0.59 13.48 0.0 1.17 8.03 1.52 72.99 3.74 0.0 59
0.61 12.85 0.09 1.23 8.56 1.52 72.97 3.48 0.22 33
0.52 13.41 0.0 1.28 8.65 1.52 72.64 3.39 0.0 157
0.49 13.78 0.0 1.43 9.85 1.52 71.99 2.28 0.17 128
0.66 12.79 0.0 1.54 7.9 1.52 73.36 3.52 0.0 139
0.0 14.99 0.0 1.74 9.95 1.52 72.5 0.78 0.0 182
0.12 13.31 0.0 0.82 10.17 1.52 71.99 3.58 0.03 70
0.59 12.78 0.0 1.29 8.7 1.52 72.79 3.62 0.0 23
0.6 12.57 0.0 1.38 8.55 1.52 73.39 3.47 0.06 34
0.54 13.71 0.0 1.54 8.21 1.52 71.81 3.93 0.15 134
0.52 13.33 0.0 1.25 8.12 1.52 72.78 3.85 0.0 135
0.06 13.64 0.0 1.1 8.75 1.52 71.78 4.49 0.0 1
0.33 13.75 0.0 1.36 11.14 1.52 72.19 1.01 0.0 131
0.57 13.21 0.0 1.29 8.22 1.52 72.61 3.69 0.0 4
0.23 13.51 0.0 0.88 9.54 1.52 71.79 3.86 0.11 63
0.0 14.85 0.64 2.38 8.76 1.52 73.28 0.0 0.09 192
0.0 14.56 1.57 1.98 8.52 1.52 73.29 0.0 0.07 195
0.57 13.2 0.09 1.07 8.41 1.52 72.83 3.63 0.17 142
0.0 14.56 0.0 0.56 11.22 1.52 73.48 0.0 0.0 184
0.66 13.0 0.0 1.79 8.18 1.52 72.72 3.47 0.0 144
0.62 12.85 0.0 1.24 8.68 1.52 72.57 3.67 0.35 146
0.58 12.99 0.0 1.23 8.81 1.52 72.97 3.18 0.24 145
0.67 13.4 0.0 1.52 8.08 1.52 72.65 3.49 0.1 88
0.56 13.33 0.0 1.34 8.33 1.52 72.67 3.53 0.0 148
0.0 14.95 1.55 1.8 8.61 1.52 72.99 0.0 0.0 206
0.57 12.16 0.0 1.35 8.53 1.52 72.89 3.52 0.0 150
0.81 11.45 0.0 1.88 13.24 1.52 72.19 0.0 0.34 106
0.56 13.29 0.0 1.21 8.57 1.52 72.74 3.45 0.0 36
0.47 13.27 0.0 1.76 11.32 1.52 73.03 0.0 0.0 170
0.56 12.87 0.0 1.33 8.43 1.52 73.04 3.48 0.0 28
0.11 14.21 0.0 0.47 9.57 1.52 71.77 3.82 0.0 39
0.52 13.04 0.0 1.26 8.58 1.52 73.01 3.4 0.0 156
0.56 12.94 0.0 1.26 8.6 1.52 72.75 3.61 0.0 127
0.58 13.43 0.0 1.18 8.15 1.52 72.49 3.98 0.0 133
0.58 13.53 0.0 1.52 8.79 1.52 72.04 3.41 0.0 159
0.0 13.72 0.0 0.56 10.99 1.52 74.45 0.0 0.0 110
0.62 13.48 0.0 1.71 7.99 1.52 72.52 3.48 0.0 124
0.12 13.81 0.69 1.32 8.67 1.52 71.72 3.58 0.0 62
0.23 14.19 0.0 0.91 9.14 1.52 71.36 3.78 0.37 163
0.6 13.14 0.0 1.76 8.38 1.52 72.48 3.45 0.17 151
0.53 13.55 0.27 1.67 9.57 1.52 72.18 2.09 0.17 129
0.47 11.56 0.0 1.56 11.41 1.52 72.86 1.88 0.0 166
0.58 11.03 0.0 1.56 11.62 1.52 73.44 1.71 0.0 167
0.68 13.41 0.0 1.25 8.1 1.52 72.81 3.55 0.0 83
0.97 12.86 0.0 1.83 10.17 1.52 73.88 0.0 0.0 169
0.6 12.73 0.0 1.86 10.09 1.52 72.69 1.85 0.0 165
0.35 12.62 0.0 0.83 9.42 1.52 73.81 2.76 0.2 103
6.21 13.02 0.0 3.04 6.96 1.51 70.48 0.0 0.0 172
0.62 12.99 0.0 1.12 8.35 1.51 72.98 3.47 0.31 57
0.33 13.38 0.0 1.4 12.5 1.52 72.25 0.0 0.0 174
0.11 14.21 0.0 0.47 9.57 1.52 71.77 3.82 0.0 40
0.13 12.97 0.0 1.51 11.27 1.52 73.39 0.33 0.28 176
0.57 13.39 0.0 1.19 8.27 1.52 72.79 3.66 0.11 60
0.6 13.08 0.0 1.28 8.49 1.52 72.86 3.49 0.0 30
0.54 12.82 0.0 1.49 8.52 1.52 72.75 3.55 0.19 21
0.0 14.4 0.0 1.54 7.59 1.51 74.55 1.74 0.0 181
0.56 13.0 0.0 1.08 8.38 1.52 73.07 3.8 0.12 137
0.56 13.23 0.0 1.48 8.1 1.52 72.84 3.54 0.0 123
0.08 14.14 1.06 2.88 9.18 1.52 72.61 0.0 0.0 210
0.68 12.85 0.06 1.44 8.23 1.52 73.01 3.51 0.25 143
0.0 14.85 0.56 2.42 8.39 1.52 73.72 0.0 0.0 203
0.69 12.82 0.0 1.9 7.97 1.52 72.86 3.52 0.0 80
1.46 14.32 1.63 2.22 5.79 1.52 71.25 3.26 0.0 187
0.6 13.44 0.0 1.23 8.83 1.52 72.38 3.34 0.0 188
0.57 12.56 0.0 1.43 8.54 1.52 73.15 3.52 0.0 29
0.0 15.15 0.63 2.25 8.34 1.52 73.5 0.0 0.0 201
0.31 15.79 1.68 1.31 8.61 1.52 70.43 1.83 0.0 190
0.0 11.02 0.0 0.75 14.96 1.53 73.08 0.0 0.0 112
0.58 12.93 0.0 1.56 8.55 1.52 72.51 3.66 0.12 126
0.54 12.86 0.0 1.27 8.38 1.52 73.21 3.56 0.17 14
0.0 14.46 0.0 1.62 9.26 1.52 72.38 2.24 0.0 179
0.08 14.14 0.61 2.68 9.07 1.52 73.39 0.0 0.05 196
0.14 13.87 0.81 2.54 9.41 1.52 73.23 0.0 0.01 197
0.16 14.86 0.0 1.74 7.36 1.52 71.87 3.67 0.12 71
0.04 14.38 0.64 2.66 9.08 1.52 73.1 0.0 0.0 199
0.05 15.01 0.53 2.51 8.83 1.52 73.05 0.0 0.0 200
0.59 13.21 0.0 1.41 8.43 1.52 72.64 3.48 0.0 27
0.06 13.64 0.0 0.65 8.93 1.52 73.0 3.65 0.0 153
0.55 13.19 0.0 1.3 8.44 1.52 72.33 3.9 0.28 136
0.17 13.73 0.0 0.72 9.74 1.52 71.76 3.84 0.0 44
0.0 11.23 0.0 0.77 14.68 1.53 73.21 0.0 0.0 111
0.6 12.87 0.0 1.29 8.43 1.52 72.95 3.48 0.0 58
0.11 13.65 0.0 1.11 8.6 1.52 72.77 3.66 0.0 147
0.57 12.69 0.0 1.34 8.75 1.52 72.95 3.54 0.0 35
0.0 14.37 0.54 2.74 9.45 1.52 72.85 0.0 0.0 209
0.57 13.0 0.0 1.36 8.4 1.52 72.99 3.6 0.11 10
0.0 14.92 1.59 1.99 8.4 1.52 73.06 0.0 0.0 211
0.0 14.36 1.64 2.02 8.44 1.52 73.42 0.0 0.0 212
0.0 14.38 1.57 1.94 8.48 1.52 73.61 0.0 0.0 213
0.0 14.23 1.67 2.08 8.62 1.52 73.36 0.0 0.0 214
